# Original shape: (1, 52, 3)
# Mean: 0.283729, Max: 0.408829, Min: -0.153012
First 100 values:
0.271305
0.276934
-0.153012
0.267229
0.326391
0.154846
0.314044
0.349469
-0.063678
0.265482
0.350743
0.172470
0.257726
0.333076
0.168658
0.284178
0.354038
0.246303
0.237955
0.348612
0.389446
0.261543
0.358429
0.285822
0.272319
0.326223
0.279407
0.276267
0.310238
0.373916
0.296821
0.277858
0.389488
0.298060
0.290858
0.186152
0.276289
0.295979
0.348822
0.276883
0.321905
0.373727
0.297343
0.342906
0.264872
0.280977
0.310359
0.408829
0.282895
0.308521
0.398142
0.299258
0.312927
0.247550
0.304996
0.276814
0.281200
0.299619
0.299761
0.280014
0.306741
0.321216
0.194854
0.296189
0.300599
0.300060
0.291576
0.339602
0.305567
0.320291
0.361487
0.160079
0.306254
0.326364
0.282235
0.319224
0.374934
0.203290
0.344554
0.390895
0.084921
0.326854
0.347603
0.176447
0.353692
0.379286
0.075527
0.374415
0.393956
-0.044563
0.339766
0.333937
0.102252
0.330786
0.370631
0.116247
0.335187
0.376254
0.040238
0.305179
