# Original shape: (1, 1, 52, 5, 4, 8)
# Mean: 0.721997, Max: 1.000000, Min: 0.406098
First 100 values:
0.776688
0.836977
0.870740
0.901989
0.890793
0.943234
0.997381
1.000000
0.856669
0.873422
0.907223
0.916086
0.914016
0.927436
0.962495
0.965562
0.897908
0.940203
0.934438
0.933532
0.897284
0.924285
0.913186
0.897889
0.964745
0.989781
0.981179
0.924466
0.903945
0.893214
0.852850
0.825895
0.864015
0.844679
0.813700
0.755465
0.715692
0.789778
0.867757
0.937282
0.917703
0.841839
0.775020
0.726964
0.685411
0.679141
0.731707
0.776105
0.965131
0.877027
0.770827
0.699760
0.641064
0.625131
0.627088
0.657227
0.977452
0.885849
0.759265
0.656313
0.605756
0.605746
0.590147
0.556396
0.572712
0.568574
0.543050
0.526906
0.483519
0.571052
0.654331
0.835453
0.640214
0.561425
0.558523
0.539428
0.474270
0.496770
0.584707
0.690035
0.739229
0.639197
0.554171
0.491088
0.466782
0.501127
0.513846
0.573879
0.866404
0.733877
0.608005
0.491367
0.472105
0.472954
0.497470
0.490514
0.430672
0.470713
0.450014
0.471862
