# Original shape: (960, 32, 52)
# Mean: 0.178044, Max: 2.383457, Min: -2.174579
First 100 values:
0.013351
0.094243
0.085518
0.160136
0.077357
0.118540
0.049819
0.105395
0.124848
0.115860
0.125294
0.125302
0.121556
0.128348
0.127873
0.117071
0.124705
0.133087
0.117900
0.138041
0.130391
0.124648
0.131725
0.125322
0.118179
0.124304
0.122918
0.118127
0.126308
0.128602
0.122157
0.132170
0.129968
0.123785
0.128972
0.125727
0.118011
0.125059
0.127734
0.113576
0.130059
0.126712
0.124622
0.133357
0.123871
0.126161
0.128524
0.130701
0.120601
0.123658
0.128094
0.117515
-0.045998
-0.173895
-0.103468
-0.106591
-0.103300
-0.086608
-0.017002
0.054393
0.093115
0.093050
0.105961
0.087380
0.099960
0.109959
0.095512
0.096562
0.108195
0.093204
0.101220
0.106143
0.095743
0.099245
0.109352
0.089991
0.097558
0.105253
0.090861
0.098396
0.108948
0.089519
0.098483
0.109792
0.096270
0.096694
0.103899
0.095614
0.100361
0.108243
0.084459
0.097338
0.109428
0.094323
0.097412
0.109318
0.095046
0.096778
0.106248
0.095923
