# Original shape: (1, 52, 1, 1, 5, 4, 8)
# Reshaped to: (1, 1, 1, 52, 160) for HLS
0.77668834
0.83697677
0.87074018
0.90198869
0.89079338
0.94323415
0.99738145
1.00000000
0.85666931
0.87342185
0.90722251
0.91608626
0.91401559
0.92743617
0.96249455
0.96556205
0.89790845
0.94020307
0.93443793
0.93353170
0.89728403
0.92428511
0.91318554
0.89788860
0.96474451
0.98978060
0.98117924
0.92446589
0.90394533
0.89321405
0.85284960
0.82589483
0.86401474
0.84467936
0.81369972
0.75546455
0.71569216
0.78977764
0.86775690
0.93728244
0.91770303
0.84183913
0.77502000
0.72696435
0.68541056
0.67914122
0.73170656
0.77610463
0.96513093
0.87702698
0.77082694
0.69976026
0.64106363
0.62513077
0.62708825
0.65722740
0.97745210
0.88584864
0.75926489
0.65631342
0.60575563
0.60574603
0.59014720
0.55639571
0.57271183
0.56857425
0.54304999
0.52690583
0.48351887
0.57105190
0.65433061
0.83545339
0.64021385
0.56142515
0.55852264
0.53942782
0.47426969
0.49676996
0.58470750
0.69003493
0.73922890
0.63919681
0.55417144
0.49108791
0.46678236
0.50112653
0.51384616
0.57387894
0.86640358
0.73387694
0.60800481
0.49136701
0.47210482
0.47295392
0.49747008
0.49051443
0.43067160
0.47071278
0.45001402
0.47186238
0.46864071
0.51757729
0.63279492
0.79606968
0.53295881
0.48262367
0.48845071
0.48557124
0.48900875
0.52038801
0.57232285
0.73454189
0.63871515
0.53949130
0.50214618
0.48611480
0.50500196
0.53307891
0.56368864
0.63367605
0.81271982
0.67595452
0.58283442
0.52089560
0.52275950
0.55089003
0.58024287
0.60384887
0.53644645
0.56501770
0.57031775
0.59031391
0.61340237
0.71424228
0.79107082
0.91044343
0.57728302
0.58782071
0.61357933
0.65107501
0.69181824
0.73438936
0.83238745
0.94056863
0.67146236
0.70149088
0.69539315
0.70909971
0.72129166
0.77633160
0.84543622
0.92420518
0.83312446
0.83337051
0.78664052
0.74796396
0.75255066
0.83316058
0.86331570
0.88569969
0.83155596
0.87546968
0.91272181
0.96171492
0.97269386
0.98799962
0.96897495
0.89780825
0.86551696
0.92493463
0.96880823
0.99729943
0.98838371
0.98773271
0.99002188
0.92796344
0.87602603
0.96739918
1.00000000
0.99998915
0.97731549
0.98257953
0.94396782
0.88841796
0.85715503
0.95198470
0.99696714
0.99370104
0.96454751
0.94352162
0.90231293
0.84091002
0.92008626
0.90067840
0.84033418
0.79323584
0.74810481
0.79915816
0.82300115
0.82576919
0.94645095
0.85755086
0.80335909
0.75495106
0.69888872
0.69614136
0.71445251
0.71057147
0.95344150
0.87101132
0.78812116
0.71997994
0.66373026
0.64832950
0.64199454
0.63749403
0.88845032
0.81804991
0.74596304
0.67780405
0.62439644
0.63382679
0.60749000
0.58984619
0.60385442
0.58924496
0.57877928
0.57650250
0.54233247
0.59603870
0.63538218
0.72564882
0.64711088
0.58240950
0.58414233
0.58138192
0.54846692
0.55896676
0.60635328
0.63828123
0.68489909
0.62814856
0.58884984
0.55139935
0.54526931
0.56540668
0.57208169
0.59855425
0.75561154
0.67638731
0.61766773
0.56075060
0.54754072
0.54765588
0.55260378
0.56237060
0.52155149
0.53485352
0.53922331
0.54065466
0.52232647
0.55696499
0.63397449
0.71861947
0.58051574
0.55319905
0.55110794
0.53806239
0.54031849
0.55325377
0.58970279
0.67948514
0.62659806
0.58018011
0.55181652
0.54098123
0.54305613
0.56445837
0.58271432
0.63601130
0.71465808
0.65674019
0.59794068
0.55774081
0.55814004
0.56805158
0.59718132
0.63067579
0.56546062
0.58201063
0.62266326
0.62954545
0.65551621
0.71939939
0.73045111
0.79339975
0.58647472
0.61212814
0.64048576
0.67025501
0.69992882
0.75213820
0.82282901
0.88419884
0.65471399
0.67996013
0.70202553
0.71641576
0.75298041
0.79573464
0.85887742
0.92234331
0.72531062
0.74834681
0.77011502
0.76914930
0.79445446
0.84717125
0.89494359
0.93646246
0.83870512
0.89720219
0.92691821
0.97117698
0.96498907
0.98773468
0.99205697
0.95244211
0.88825238
0.94240659
0.97769928
0.99096680
0.97567403
0.98492658
0.98802376
0.95336026
0.88858360
0.97722352
0.99149489
0.98545527
0.96498352
0.97565943
0.95297313
0.90838176
0.91118628
0.96396720
1.00000000
0.98370135
0.96050525
0.94059116
0.91181266
0.86018187
0.92781442
0.90865397
0.86049551
0.81023622
0.77306944
0.82427686
0.85623968
0.87212414
0.95633966
0.86969483
0.82456231
0.77581209
0.72690380
0.71219176
0.74991363
0.74346262
0.96291733
0.89197308
0.81414074
0.74209386
0.67033780
0.65143520
0.64557350
0.64724988
0.92865545
0.84794956
0.77374655
0.68899912
0.62830991
0.63203639
0.62231517
0.58635324
0.60334200
0.60204184
0.57286984
0.56522006
0.53789175
0.59965330
0.64527720
0.77257520
0.65251100
0.58945471
0.58847165
0.57606649
0.53481013
0.54654032
0.60306597
0.65266073
0.71981812
0.64078057
0.58746833
0.53923744
0.52897084
0.54395211
0.54439437
0.59322900
0.81117302
0.69398731
0.62559187
0.55129427
0.52712208
0.52040631
0.52908248
0.54643011
0.50611693
0.51901853
0.52292323
0.53943509
0.52547801
0.56566954
0.63713712
0.76303214
0.56428051
0.53296226
0.54689384
0.54285270
0.54391164
0.56617373
0.60245264
0.72004443
0.63110256
0.57127774
0.55913937
0.53941035
0.55958152
0.58187282
0.60912341
0.67010337
0.76686174
0.68374377
0.60218680
0.57077694
0.56339258
0.58234888
0.63077688
0.65522313
0.56565881
0.60732359
0.63643950
0.65722883
0.67622262
0.75156999
0.76125461
0.85313284
0.62230802
0.64435923
0.66673249
0.70091534
0.73252118
0.79119140
0.84377360
0.89691174
0.68228090
0.70932728
0.73265600
0.75978887
0.77319407
0.81678009
0.87911451
0.94500601
0.78138977
0.79019397
0.80227494
0.80150944
0.80549937
0.86608618
0.91447312
0.95606655
0.78250259
0.81816471
0.84895313
0.88872468
0.88538831
0.92969835
0.97096574
1.00000000
0.82564712
0.86711550
0.90045553
0.90482217
0.89819694
0.90516490
0.94362617
0.97057712
0.87019283
0.93413371
0.91761756
0.90878654
0.89272302
0.89185148
0.87904799
0.87918502
0.96710354
0.97307354
0.95568860
0.90987134
0.87653846
0.85630399
0.83797395
0.81402731
0.83539075
0.82073361
0.80594009
0.74784654
0.70695508
0.78288275
0.86339474
0.94577551
0.88864839
0.82395405
0.76666802
0.72134811
0.69742107
0.67618459
0.73288584
0.77411121
0.96173877
0.86673826
0.76602662
0.71439862
0.63169158
0.61067003
0.59747887
0.63438165
0.99252152
0.89862835
0.75380164
0.64396554
0.59605163
0.57391971
0.57392853
0.53525788
0.55690843
0.55650264
0.51624215
0.51156205
0.47527841
0.55728918
0.61630082
0.81528389
0.61433613
0.54604250
0.54219580
0.53008962
0.47313395
0.48629862
0.56693465
0.65944064
0.73971003
0.61342221
0.53936112
0.48829642
0.46054327
0.47854626
0.50022048
0.56370455
0.87576449
0.69900978
0.59098804
0.48518834
0.46056491
0.46369445
0.48080763
0.49263367
0.42708036
0.44910255
0.43719536
0.46476987
0.45271578
0.52523702
0.61350548
0.78131807
0.51744437
0.47707424
0.49306831
0.47338226
0.47571340
0.51277399
0.57809669
0.71909887
0.61583221
0.53782344
0.51038289
0.48052919
0.50731218
0.51161790
0.55032712
0.63956589
0.78423327
0.66954678
0.57697672
0.51958811
0.49235040
0.50460112
0.57245857
0.59594339
0.48737377
0.53503078
0.56107396
0.58467531
0.61019093
0.71628100
0.77369839
0.90515155
0.58033329
0.58781230
0.60935891
0.64242744
0.67437768
0.73490089
0.81980181
0.91702121
0.66874695
0.69075179
0.69015205
0.70493931
0.70726997
0.76012450
0.81594151
0.90955335
0.81450856
0.81963634
0.79022866
0.74433219
0.74006873
0.80737311
0.85105330
0.88149506
0.83756286
0.87973720
0.91631067
0.95828807
0.96808177
1.00000000
0.96193773
0.87749177
0.86734229
0.91975671
0.96957600
0.98103237
0.97821641
0.98619485
0.98186243
0.91986728
0.87520939
0.96109593
0.99534404
0.98962611
0.98103225
0.97817737
0.94711179
0.89840400
0.84649777
0.93552178
0.98452216
0.98960930
0.95737696
0.92883348
0.90889955
0.85612005
0.91245443
0.89215863
0.85019952
0.78925723
0.75399429
0.79368818
0.83162576
0.82475001
0.94789970
0.86635852
0.80220860
0.75201809
0.70343328
0.70087326
0.71808791
0.70985454
0.94292229
0.87796479
0.78495944
0.72127807
0.66849625
0.65134519
0.63360089
0.62679690
0.87719578
0.83045971
0.76468223
0.68112886
0.62861484
0.62704128
0.61097962
0.58151650
0.60773379
0.59228557
0.57692450
0.57133818
0.55571735
0.60098767
0.63526070
0.71150494
0.64679128
0.58756989
0.58073884
0.58489555
0.56018484
0.56781626
0.60695052
0.63922006
0.69918197
0.63663119
0.59283662
0.56817597
0.55251390
0.55964506
0.58038038
0.60298532
0.74915010
0.66971195
0.62215024
0.56978321
0.55371016
0.55862933
0.56202525
0.57552660
0.54589003
0.54820597
0.54416502
0.54791242
0.55055940
0.57347250
0.62507570
0.70676929
0.58449113
0.56301171
0.57188070
0.55987781
0.56848347
0.58333588
0.60123569
0.69008344
0.61982989
0.59492171
0.58081317
0.57138175
0.57738096
0.58233392
0.60026127
0.65659571
0.69206995
0.65189642
0.60694706
0.58945656
0.56496227
0.56266272
0.61165327
0.63486212
0.55629718
0.58603716
0.62320185
0.63508397
0.67284268
0.73059899
0.73597610
0.79678583
0.61204624
0.62041289
0.64489537
0.68336838
0.70231020
0.76269948
0.82285559
0.87236863
0.66089201
0.69415987
0.70447844
0.72659832
0.74848455
0.80620581
0.86350209
0.93121451
0.73314142
0.75309449
0.76894772
0.77426392
0.79428262
0.85816163
0.89820236
0.94602764
0.81991470
0.87036359
0.89426666
0.94895220
0.95133674
0.98278052
0.97286630
0.91725373
0.87236959
0.91238528
0.96387607
0.96952599
0.97475958
0.98830825
0.98526901
0.94784027
0.87429076
0.96019179
0.98426515
0.99286979
0.97599840
0.98158753
0.95733929
0.89991742
0.87753236
0.95855331
1.00000000
0.99149477
0.96681237
0.94933921
0.91943383
0.86365378
0.93575233
0.91216677
0.85351115
0.79319823
0.74284548
0.78161228
0.84082788
0.85416734
0.95138526
0.87379271
0.80655277
0.74708170
0.69297981
0.68714428
0.71933669
0.72758389
0.96661454
0.87654591
0.77397221
0.70516485
0.65557611
0.65096551
0.62763453
0.63492900
0.91057807
0.83539695
0.75746226
0.66858572
0.62468278
0.61747503
0.60498929
0.58327705
0.59280503
0.58576715
0.57446426
0.55448258
0.53588778
0.58958644
0.64737123
0.75086176
0.63703644
0.59473920
0.57073164
0.56222600
0.54000634
0.54955733
0.60224545
0.65061057
0.70301819
0.63844430
0.57858235
0.54564291
0.53067607
0.54190445
0.55889517
0.60066020
0.78475410
0.68946087
0.62330282
0.54952174
0.53693694
0.53764671
0.55240905
0.55696583
0.52085894
0.53183812
0.53260839
0.53593171
0.52518636
0.56689137
0.63595277
0.72596884
0.57180762
0.54731798
0.55093509
0.53398776
0.53959191
0.56056970
0.59432584
0.69665116
0.62966526
0.59880626
0.55960608
0.54390353
0.55827087
0.57868415
0.59749275
0.64958739
0.72463983
0.65644389
0.59984404
0.56907195
0.55476552
0.57877344
0.61051702
0.62730485
0.55828059
0.58572525
0.60855174
0.61821961
0.65092140
0.72685087
0.73991191
0.81368160
0.60202718
0.61426258
0.63435137
0.67099077
0.69246733
0.74814999
0.82429880
0.89185911
0.66287220
0.69179124
0.69613147
0.70693368
0.74233896
0.80674893
0.86656016
0.92524576
0.73790646
0.77075624
0.77108216
0.76450831
0.79032075
0.85501641
0.89669734
0.93254560
0.77228844
0.82141542
0.84285206
0.89428502
0.88109666
0.92577159
0.99006259
1.00000000
0.86260533
0.87142217
0.90493524
0.90232396
0.90105915
0.91456598
0.95255351
0.95864940
0.89706427
0.94326204
0.92240632
0.92349434
0.88719654
0.90098697
0.89348274
0.88494611
0.96653783
0.99728996
0.97460312
0.92027450
0.88600916
0.88301533
0.85567367
0.82898033
0.86244476
0.84390682
0.81960618
0.76907313
0.71483672
0.77148265
0.86489463
0.93777710
0.90013266
0.83536708
0.78217345
0.72042090
0.67080820
0.67358142
0.72606421
0.77175415
0.96320325
0.85212392
0.75214380
0.68822980
0.63073665
0.62758219
0.61118764
0.64627415
0.98420411
0.88125378
0.74232030
0.64826751
0.59412837
0.58552855
0.57431358
0.54424870
0.54439026
0.54425776
0.52779961
0.49499121
0.46684355
0.55380815
0.64904708
0.82373035
0.62863213
0.55520815
0.53044039
0.52006495
0.46720135
0.48276496
0.56427306
0.66709965
0.72339177
0.63544822
0.53021300
0.48148608
0.46201631
0.47971985
0.48233706
0.56356251
0.86430228
0.70800334
0.59677601
0.48750141
0.46462038
0.45297745
0.46835032
0.48725465
0.42259195
0.43168014
0.43451115
0.45899174
0.45928779
0.53082043
0.63316441
0.77980030
0.51422441
0.47054380
0.47120753
0.47718865
0.48166931
0.51597035
0.57798201
0.75230277
0.61615562
0.54734522
0.50921345
0.48360974
0.50644040
0.52968913
0.56439716
0.63588715
0.78483880
0.67908305
0.58584780
0.52404004
0.51633018
0.54029018
0.56474084
0.58374596
0.51466846
0.54300612
0.55359364
0.58368146
0.61691916
0.71760398
0.77986848
0.89705247
0.58002466
0.57336646
0.60083091
0.64562196
0.66865736
0.73000956
0.83411217
0.92949396
0.67795932
0.69598103
0.68336439
0.69284093
0.71481353
0.78094447
0.84920239
0.92925256
0.82126743
0.82800871
0.79061091
0.74879640
0.74903399
0.82115024
0.86027730
0.88049257
0.83921075
0.89161009
0.92408776
0.96569651
0.96813756
0.99695331
0.98650068
0.91005319
0.88410646
0.93429410
0.98349720
0.98543048
0.97305316
0.97282034
0.99002755
0.92920798
0.88537163
0.96276242
1.00000000
0.98518932
0.95950180
0.95945573
0.93049377
0.89222395
0.86649776
0.95586097
0.99762142
0.97530049
0.94989878
0.93082827
0.88583541
0.84984416
0.91460955
0.87750417
0.83816928
0.79534245
0.75503623
0.79830718
0.83535451
0.84649879
0.93306303
0.85756898
0.81496733
0.76386410
0.71085358
0.70999563
0.73675305
0.72270054
0.94999623
0.86413181
0.78938711
0.72777414
0.67905986
0.66781235
0.64424127
0.64981776
0.88911027
0.83094847
0.76496315
0.69392002
0.64211613
0.63134134
0.61294538
0.58530092
0.60516644
0.58450788
0.57587856
0.56642783
0.54463929
0.60173029
0.63394409
0.74174255
0.65308595
0.58896059
0.59211987
0.57484967
0.54220355
0.55191457
0.61212683
0.65667820
0.70204556
0.64081806
0.58660692
0.54885614
0.53778839
0.57013559
0.57851863
0.60334915
0.76588541
0.66153401
0.61618304
0.55953395
0.56101459
0.55968142
0.56504864
0.58195239
0.53623015
0.54223675
0.54640079
0.54838276
0.55094630
0.59013170
0.64247632
0.72580904
0.59178543
0.57254964
0.57236910
0.57034683
0.56709898
0.57620323
0.62393749
0.71302223
0.63891172
0.59785980
0.58179873
0.56060964
0.57919222
0.59185112
0.62212825
0.67640567
0.72700882
0.66516471
0.62845498
0.58109015
0.57775474
0.59309256
0.62752044
0.64988917
0.58106208
0.59865862
0.63416827
0.64480650
0.66718936
0.73224789
0.75848329
0.79838926
0.63157338
0.63836992
0.65625060
0.69377643
0.70981622
0.76608390
0.83638310
0.88282102
0.67620999
0.70629215
0.71252090
0.73110777
0.75837588
0.81983817
0.88027728
0.93244332
0.74647671
0.78072572
0.78529447
0.79356170
0.80856055
0.86953706
0.91824418
0.95461082
0.84685147
0.89984912
0.93334186
0.96552318
0.96560949
0.98977846
0.99574757
0.95379442
0.90311468
0.94929349
0.97584051
0.98212129
0.97019809
0.96535754
0.97579861
0.94857019
0.91153550
0.97620112
0.99588746
0.97861224
0.95421779
0.95756614
0.91538960
0.89506257
0.91647905
0.97942448
1.00000000
0.96505344
0.95854169
0.92070031
0.87926775
0.84343785
0.91531348
0.88341361
0.85228497
0.80304539
0.76230317
0.79236507
0.83974296
0.87881607
0.92202485
0.85552394
0.80986005
0.77145952
0.71970999
0.70674837
0.73869056
0.74063820
0.95598978
0.87014139
0.78572422
0.72981882
0.66923857
0.65964973
0.65062815
0.67233008
0.92276794
0.84212685
0.77470070
0.68912262
0.63424128
0.62739784
0.60967684
0.58809471
0.60133028
0.58967716
0.56643242
0.56145978
0.53771293
0.60765469
0.64709306
0.77654600
0.66525573
0.59276247
0.59679735
0.57548922
0.54787028
0.56256694
0.61890829
0.68082899
0.72956276
0.66410017
0.59389973
0.55918074
0.54184455
0.56216627
0.56753618
0.60672468
0.80530530
0.69335169
0.62304842
0.55937654
0.55466324
0.54346460
0.56459963
0.57512963
0.52249354
0.54302019
0.53288543
0.53502107
0.53794622
0.56975228
0.64930969
0.75352502
0.58274037
0.56853080
0.56301206
0.54965156
0.55171973
0.57673866
0.61536020
0.72373849
0.64320892
0.59549838
0.56042451
0.55253625
0.57327008
0.58838528
0.60804331
0.67073262
0.75754410
0.67544389
0.61859852
0.58155179
0.57585561
0.57922059
0.62346035
0.66011304
0.57043564
0.59340185
0.62736362
0.64691132
0.66702044
0.74850631
0.78137863
0.85419494
0.61867702
0.63940758
0.65827590
0.69021761
0.71639997
0.77560073
0.86868387
0.92839271
0.68645245
0.72391069
0.72105008
0.73505527
0.78256959
0.83567011
0.89906204
0.95024723
0.77801979
0.80649233
0.81346303
0.80446965
0.82991010
0.89245301
0.93064547
0.95902878
0.78656882
0.84406382
0.88146091
0.90098190
0.90028262
0.95520109
0.98596913
1.00000000
0.87520832
0.90080035
0.91722888
0.92227626
0.92304915
0.93148899
0.95839322
0.98039019
0.91233802
0.96838927
0.94717526
0.93741816
0.90430206
0.91953063
0.89032918
0.88015920
0.97935331
0.99561840
0.98127449
0.94122142
0.89934993
0.87873405
0.85498774
0.82262641
0.85965240
0.84348279
0.81665009
0.74839622
0.71185243
0.77527386
0.86282307
0.94901544
0.90132248
0.84413576
0.76751196
0.72799867
0.67885464
0.66740423
0.73683107
0.78467804
0.96314913
0.86637598
0.76196092
0.69245195
0.62164843
0.61810052
0.60611433
0.65759701
0.99268895
0.89232391
0.75447726
0.64386398
0.59834462
0.57992625
0.56888247
0.53843433
0.55578649
0.54290515
0.52290666
0.50429970
0.47228768
0.56836778
0.64312160
0.84295762
0.62459660
0.54470551
0.54644704
0.53483361
0.48227245
0.50002450
0.57186794
0.68439984
0.74894351
0.64292949
0.55072075
0.50500667
0.48150986
0.48412594
0.49690780
0.56152600
0.88803506
0.71772826
0.60318482
0.48763943
0.46950749
0.46420887
0.48301119
0.50047863
0.42575762
0.45711696
0.44261616
0.46261799
0.45461920
0.53224474
0.64349443
0.81521010
0.51941782
0.48769236
0.49803323
0.47858849
0.47418672
0.53472924
0.60195410
0.75583482
0.62561989
0.55188960
0.51535308
0.48786378
0.51491576
0.54563314
0.58385432
0.66510099
0.81397271
0.69913715
0.60633272
0.54078627
0.53263032
0.54764372
0.60242069
0.64213413
0.53324741
0.56168109
0.59561390
0.61725467
0.61078870
0.74721420
0.81401712
0.92539263
0.60012138
0.62687260
0.63688660
0.65494514
0.68581766
0.73830390
0.86404330
0.94954956
0.70341879
0.73699433
0.70317489
0.71743602
0.72562641
0.78503805
0.85600793
0.94529855
0.84315634
0.85689247
0.82382607
0.75297350
0.76079607
0.84644204
0.88112158
0.91196275
0.85277873
0.90173054
0.92548323
0.96253163
0.98685104
0.98998976
0.97450554
0.91829908
0.89436477
0.93278462
0.96605426
0.97577757
0.98873729
0.99944025
0.97415292
0.92534882
0.89190668
0.97435796
0.98680961
1.00000000
0.98626566
0.97228205
0.92134917
0.88402313
0.86932832
0.95694500
0.97706586
0.99203515
0.96033823
0.91889846
0.89168543
0.84831536
0.90795821
0.88919526
0.84676349
0.80285358
0.75832057
0.79958886
0.82795680
0.83385825
0.92790782
0.86402571
0.81753874
0.76156640
0.70302194
0.69339740
0.73116493
0.72735506
0.93429303
0.87072754
0.79246944
0.71482909
0.68130517
0.64924753
0.62129396
0.65204853
0.89527780
0.82691807
0.75741643
0.67996502
0.64183760
0.61532807
0.59788162
0.57737863
0.61014122
0.58426434
0.57373470
0.57161790
0.55250508
0.60323232
0.65419501
0.73965240
0.64273298
0.57986873
0.58529931
0.58739156
0.55865753
0.58031237
0.61779612
0.66847485
0.71528655
0.66090405
0.59199035
0.57191187
0.56611955
0.58103830
0.59677893
0.60863221
0.77636909
0.69180244
0.62767118
0.58173549
0.56759107
0.56797576
0.58178318
0.59091985
0.54374397
0.56337708
0.55450368
0.56218415
0.55240828
0.59020489
0.65665424
0.73077726
0.59286195
0.58109403
0.58647984
0.56450695
0.56659204
0.60344446
0.62174886
0.69441426
0.62927759
0.60009909
0.58016998
0.57130063
0.59073865
0.60703784
0.63395923
0.67931139
0.73542088
0.67237902
0.61863989
0.60554403
0.59824288
0.60374320
0.63715523
0.67261690
0.60077804
0.61155486
0.64197206
0.65873325
0.67423314
0.75167459
0.76679832
0.81539559
0.64295977
0.65506035
0.67960984
0.69496834
0.72748852
0.77461165
0.84636462
0.89656532
0.67757082
0.71895981
0.72282571
0.74384904
0.76712787
0.82860565
0.88124967
0.95300305
0.74689180
0.78533095
0.79851371
0.79746759
0.81590658
0.87562853
0.91897458
0.94722247
0.84699982
0.89227694
0.91944069
0.96627897
0.96950746
0.98112243
1.00000000
0.94500709
0.88333017
0.92862469
0.97405726
0.97838241
0.99118453
0.99554455
0.97724444
0.96231562
0.89949715
0.96853250
0.98357302
0.99851948
0.98585743
0.97324193
0.92703652
0.89726263
0.90173274
0.97986722
0.99360037
0.99671030
0.96629012
0.93981022
0.90199977
0.86389953
0.92324698
0.90413314
0.85533929
0.80902243
0.76321101
0.80292827
0.85205162
0.88402432
0.93167651
0.87274390
0.82210642
0.77270734
0.72704136
0.72597128
0.74544984
0.74783099
0.95968407
0.88029134
0.79514855
0.74154460
0.69430411
0.66351050
0.64922494
0.66709834
0.94894183
0.86224508
0.77123386
0.70401770
0.65117788
0.63384223
0.62376565
0.57979673
0.62136227
0.60045451
0.57813102
0.56256664
0.53750050
0.60422045
0.66900879
0.78165054
0.66660053
0.59533226
0.58225924
0.58294314
0.54715466
0.56517971
0.60543227
0.66939241
0.73566967
0.67116523
0.59140503
0.55590796
0.54435652
0.56082302
0.57153505
0.59782201
0.81723082
0.71507806
0.61882430
0.56375462
0.54431874
0.54918802
0.56009310
0.57894766
0.51608324
0.54530948
0.54392260
0.54647022
0.54466647
0.58155829
0.65033990
0.76685560
0.58399075
0.56523168
0.56781560
0.55962187
0.56223291
0.59451783
0.61434758
0.72069657
0.62881297
0.58895695
0.56536031
0.56623644
0.57794362
0.58941001
0.61168790
0.66894919
0.76106185
0.68523049
0.61132133
0.60306424
0.57951587
0.58988726
0.63292283
0.65080392
0.58001310
0.60383773
0.62929499
0.64915210
0.67751956
0.75169301
0.77004862
0.83803207
0.62098545
0.64203084
0.66512936
0.70262897
0.72646010
0.77874136
0.85011137
0.92217630
0.67469466
0.71079028
0.73004198
0.75078827
0.76859164
0.82029581
0.87669790
0.94369572
0.78343105
0.80470562
0.80423808
0.79790670
0.81566554
0.86451733
0.90888590
0.94300997
0.81329995
0.85393411
0.88243097
0.91004562
0.88984817
0.94744843
0.99081969
0.99650109
0.87823403
0.89918226
0.93022084
0.91661602
0.91592926
0.94322842
0.95236021
0.97179228
0.90937209
0.94601846
0.93820220
0.93331331
0.91350138
0.92380321
0.90533012
0.89668065
0.96617121
1.00000000
0.96888423
0.94396991
0.91799915
0.90148085
0.87057489
0.84196597
0.88753325
0.86862171
0.83726555
0.77843773
0.72962338
0.80041695
0.87572712
0.93517506
0.91023332
0.85829520
0.79941970
0.74598497
0.69810534
0.71518993
0.76138836
0.79072303
0.95794672
0.88081324
0.78569162
0.72627753
0.66718751
0.63678825
0.63261634
0.67995042
0.98213083
0.89469445
0.77685934
0.69683099
0.62351042
0.60133970
0.58697224
0.53383046
0.56893533
0.55950540
0.51472557
0.50074571
0.47619468
0.57084215
0.66022301
0.84481519
0.66621166
0.55103838
0.53809124
0.53539425
0.48998928
0.51172972
0.58212793
0.67689490
0.76801044
0.65624744
0.54831719
0.50167489
0.48744518
0.50053614
0.51303548
0.56499416
0.88510936
0.73709470
0.59637529
0.50960493
0.48697418
0.48526993
0.49525508
0.50153488
0.44502530
0.47669077
0.46067202
0.46970272
0.47658950
0.53930885
0.63084608
0.80026388
0.53934902
0.49402848
0.49855250
0.50368428
0.49376976
0.54542601
0.60818410
0.74456304
0.62442517
0.53973567
0.52276528
0.51497841
0.53543621
0.54271746
0.56077981
0.66552788
0.80778176
0.68154812
0.60853964
0.54884082
0.53382409
0.54498404
0.59425199
0.63947481
0.53651595
0.56695276
0.60267812
0.62529141
0.64110929
0.74139851
0.79223365
0.90967637
0.58185261
0.62576616
0.64609045
0.67098826
0.68578768
0.73967302
0.84922934
0.94622266
0.69630378
0.72369218
0.70991081
0.71482378
0.71939051
0.78638071
0.86548036
0.93400198
0.82981342
0.84043533
0.81702960
0.75761580
0.77797568
0.85056347
0.88644159
0.91416925
0.83827728
0.88567454
0.91217685
0.95463890
0.96383238
0.99719256
0.98121846
0.89529020
0.88416636
0.92674410
0.97174972
0.98225319
0.98030317
0.99998319
0.98133922
0.92942894
0.88118166
0.97257161
1.00000000
0.99145603
0.97734523
0.97501510
0.94749963
0.90314537
0.85257190
0.94940406
0.99467152
0.99601042
0.96046865
0.94484156
0.90992391
0.86556137
0.93163222
0.90453112
0.85906202
0.80703133
0.76105183
0.80948144
0.83741170
0.82310390
0.94479978
0.87306273
0.82697195
0.77272743
0.70892513
0.70879245
0.72009176
0.71199757
0.94773829
0.88409686
0.80409497
0.73442096
0.67377222
0.64825648
0.62558663
0.63856405
0.88036007
0.82776427
0.75075036
0.69123304
0.64159733
0.61963660
0.60337335
0.56571710
0.59853941
0.58316338
0.55775017
0.54912120
0.54177302
0.59141314
0.63176274
0.72834760
0.64563829
0.57892478
0.57528800
0.57061100
0.54658544
0.54469460
0.58823478
0.64532840
0.69608289
0.63484502
0.57599598
0.54893285
0.54177356
0.55161554
0.56379575
0.58094519
0.75886190
0.66694307
0.60516202
0.54951769
0.54654205
0.53531003
0.54705930
0.56414306
0.53195876
0.54807615
0.54033113
0.53900546
0.54082704
0.55796075
0.61886734
0.71200073
0.56994593
0.55715293
0.55134541
0.55637407
0.54640561
0.57056183
0.60050076
0.68853915
0.61823291
0.57081556
0.55775017
0.54992050
0.55665886
0.57096648
0.58646286
0.64777565
0.71190119
0.65520006
0.59646249
0.57545006
0.56203145
0.56579649
0.60451472
0.63411707
0.56528199
0.58587772
0.62159067
0.62624031
0.65188265
0.72536272
0.73124248
0.79182577
0.59621406
0.61998957
0.64495838
0.66907471
0.67933357
0.74647856
0.82201558
0.87138826
0.65988791
0.68947995
0.69885474
0.70971739
0.74187505
0.80622256
0.86962658
0.92900068
0.72745496
0.75781637
0.77407736
0.77125835
0.79827696
0.85289532
0.90786672
0.94313771
0.83435035
0.88804519
0.92364353
0.96192092
0.95845336
0.99301904
0.99027014
0.92813414
0.90657574
0.93656230
0.97859251
0.97182608
0.97887236
0.98860472
0.98213118
0.94567943
0.90131420
0.96881181
0.98908806
0.98167259
0.97157836
0.98017174
0.94514948
0.90899819
0.88430339
0.96961272
1.00000000
0.99306124
0.95353144
0.92754763
0.90418667
0.86822617
0.91211939
0.88303107
0.85180753
0.80138940
0.76757210
0.81240469
0.84576154
0.85677361
0.95255947
0.87699282
0.82661539
0.77375507
0.71265984
0.72508270
0.72890192
0.74027890
0.95578146
0.88926059
0.80305636
0.74467474
0.68120188
0.65674496
0.64059502
0.64922297
0.91249424
0.84676462
0.77250576
0.71058601
0.64815360
0.63647097
0.62466747
0.57732552
0.60753089
0.59641933
0.56018329
0.53600025
0.52690136
0.60629237
0.64144754
0.75698084
0.65971643
0.58933264
0.58141792
0.57494783
0.54298133
0.55048299
0.61077201
0.67300880
0.72139966
0.64235342
0.59250742
0.54821938
0.54058111
0.55525011
0.55565226
0.60188729
0.78921854
0.69185257
0.62191391
0.55322880
0.54224646
0.52557975
0.53317428
0.56154633
0.50493997
0.52417457
0.52770716
0.53241014
0.52391177
0.56730813
0.63523352
0.74215764
0.57574594
0.55373788
0.55429870
0.54145938
0.53792346
0.56569141
0.59869134
0.70966727
0.64173907
0.58240569
0.56048596
0.54339486
0.54579359
0.56844765
0.58134729
0.64603436
0.74702340
0.66989398
0.60455275
0.57491767
0.55832970
0.56452566
0.61599600
0.64337915
0.56371146
0.59057641
0.61123794
0.62683332
0.65048784
0.74182081
0.76497233
0.82879192
0.59326524
0.62545818
0.63994712
0.67476803
0.70152479
0.75895751
0.83544058
0.90052480
0.66704690
0.69226205
0.71306986
0.72496289
0.75597006
0.80629545
0.88210005
0.93378472
0.76087886
0.79105049
0.78749776
0.77406764
0.79803962
0.87113512
0.91533738
0.95811814
0.78870577
0.83609504
0.86934638
0.88963717
0.88045979
0.92757899
0.96971852
0.99991536
0.85260105
0.88588208
0.90250182
0.89901531
0.90694946
0.91818744
0.94873142
0.97547048
0.89878255
0.93623948
0.91597146
0.92035949
0.89315772
0.92522770
0.90012342
0.90576297
0.96366692
0.99452573
0.95920026
0.93527937
0.89738697
0.89605296
0.86656332
0.84860432
0.87666023
0.86070335
0.83407503
0.76254034
0.73392195
0.78733438
0.84710073
0.95787752
0.91109341
0.86502331
0.78684920
0.74688822
0.70061159
0.69634712
0.72288489
0.79096979
0.96513838
0.88365149
0.77143502
0.72433633
0.63757181
0.62688249
0.61801869
0.64544666
1.00000000
0.88922668
0.74525195
0.67305332
0.60899740
0.59502000
0.58822787
0.52491134
0.55681008
0.56246918
0.51243389
0.48357615
0.46306357
0.55634761
0.62640971
0.84411138
0.63911957
0.53960496
0.52531826
0.52206481
0.48479846
0.50294912
0.57863915
0.68550438
0.73785585
0.63195944
0.54289287
0.49222046
0.47414604
0.48187464
0.48141062
0.57105142
0.89508355
0.72512335
0.59920174
0.49404493
0.46700779
0.44728789
0.46156731
0.47602087
0.41770178
0.44750884
0.42550087
0.45665461
0.46309069
0.52417183
0.62286890
0.80175489
0.50579393
0.45926890
0.48030961
0.48412853
0.49263179
0.53217655
0.58593112
0.75039256
0.62749934
0.54177654
0.51319557
0.49962878
0.51546335
0.51447070
0.54522997
0.64206427
0.80513901
0.68324953
0.58423275
0.53281164
0.50161499
0.52029282
0.58706653
0.60851860
0.50572956
0.56140453
0.56806880
0.58905131
0.60838729
0.72119302
0.79236150
0.91510439
0.56687677
0.60223371
0.60878271
0.63198751
0.68220592
0.72961670
0.83275115
0.93895036
0.68764722
0.69707328
0.68104053
0.69279641
0.72474724
0.76377952
0.83477318
0.91745555
0.83585727
0.83860201
0.78668803
0.74471587
0.75803769
0.83195800
0.86242133
0.89239979
0.84596097
0.90155464
0.93148392
0.97332561
0.97893316
0.99850214
0.99971741
0.94357419
0.89932513
0.94132441
0.98060405
0.98758531
0.99667454
0.99989802
0.97314227
0.95196307
0.90381891
0.98171729
1.00000000
0.99857444
0.97934729
0.98673517
0.93535471
0.89658070
0.88490516
0.99089193
0.99873692
0.99372613
0.97563040
0.95272660
0.90220821
0.86029136
0.93587387
0.89799249
0.85534674
0.80234486
0.76829141
0.79749036
0.82730609
0.85303473
0.93248177
0.87172860
0.82453394
0.77505463
0.71568322
0.71233928
0.74110138
0.74560255
0.95170015
0.87630028
0.79143453
0.73604596
0.66952670
0.65705580
0.64290679
0.64547950
0.90943623
0.84573716
0.76108843
0.69598943
0.63337988
0.63225788
0.62289000
0.58876920
0.60211080
0.59855497
0.57761014
0.56883150
0.54724401
0.59898090
0.64402151
0.74672085
0.66322184
0.59649217
0.58374244
0.58176255
0.56523442
0.57879978
0.62275517
0.67129004
0.72514021
0.64499795
0.59306067
0.56470293
0.55661267
0.56766444
0.57265389
0.62352926
0.78644741
0.69350630
0.62769216
0.57727128
0.55760032
0.54716486
0.56833136
0.56957686
0.52558130
0.55148751
0.54672503
0.55945337
0.55309504
0.58615226
0.64772218
0.72178012
0.58676565
0.56371653
0.57285064
0.56679922
0.57014638
0.59082407
0.62070686
0.70671093
0.63883901
0.60636467
0.58586335
0.56866038
0.58000761
0.58338147
0.60066777
0.66609240
0.73897547
0.65991181
0.62830830
0.58922493
0.56122446
0.58918440
0.63556558
0.65769374
0.57602280
0.61104941
0.63246721
0.65021181
0.67261374
0.74611032
0.76980764
0.82761109
0.60734314
0.64227289
0.66318458
0.70426834
0.73274469
0.77639186
0.83923113
0.90192002
0.67743874
0.70255643
0.72558635
0.74365503
0.77461183
0.82930380
0.88450092
0.95528156
0.75761032
0.78562665
0.78367621
0.79868114
0.82179224
0.87694132
0.92492729
0.96163321
0.82839435
0.87000209
0.90996164
0.95411706
0.95889777
0.99651867
1.00000000
0.94471735
0.88255721
0.91351587
0.97446632
0.98099118
0.98517686
0.99480706
0.97362554
0.96367931
0.89722550
0.97234279
0.99230933
0.99056566
0.97632885
0.98395789
0.95104164
0.90139538
0.90170085
0.97678310
0.99846733
0.98966312
0.96774918
0.93999738
0.90880352
0.86735189
0.92314643
0.89708126
0.85779721
0.82113069
0.77932793
0.81480753
0.83607894
0.86685616
0.94541365
0.88118726
0.84210557
0.78223860
0.73413581
0.73339504
0.74122214
0.74885976
0.96346718
0.87624145
0.81593013
0.76033598
0.69358486
0.66431952
0.64698994
0.66785759
0.91367382
0.85902381
0.77353835
0.70799541
0.65341669
0.63392222
0.62197053
0.58273470
0.61584193
0.59194630
0.55876625
0.55085105
0.53932250
0.59625185
0.64435512
0.76278418
0.67587060
0.59183580
0.58376580
0.57165551
0.54793799
0.55883861
0.61440700
0.66628051
0.73147434
0.65351743
0.58312410
0.54316872
0.52900010
0.55399764
0.56114972
0.60380059
0.79743928
0.69313610
0.62136328
0.55683309
0.53150195
0.53552860
0.55856204
0.56776458
0.51805568
0.54254967
0.54456133
0.54867113
0.52980846
0.56896073
0.65945691
0.74644965
0.57385594
0.55972236
0.56701708
0.54403597
0.54262537
0.57329071
0.59870565
0.71807122
0.62448686
0.59279495
0.56357962
0.53829914
0.56566447
0.57890260
0.59734404
0.66047913
0.74118489
0.67578828
0.61546427
0.57406199
0.56392485
0.57717401
0.62886053
0.65238422
0.56725925
0.60824573
0.63730693
0.65828496
0.68032748
0.74622238
0.75176024
0.83804530
0.60303152
0.64220977
0.66607785
0.70332253
0.72667712
0.76595902
0.84185797
0.90472054
0.67207688
0.69358838
0.72755939
0.73898113
0.76346850
0.81668860
0.86755931
0.94480145
0.77185237
0.78307313
0.78777993
0.78821927
0.80447954
0.85966438
0.89998561
0.94366598
0.78260505
0.81822908
0.84927362
0.88662362
0.86779821
0.94074523
0.97045970
1.00000000
0.86212230
0.87368983
0.90987289
0.90504849
0.90245461
0.91863430
0.93702781
0.96670932
0.90572208
0.94441855
0.93052864
0.92234719
0.90464103
0.91435909
0.89123172
0.88187063
0.96530163
0.98952681
0.95578021
0.92171383
0.89549601
0.86582029
0.83449674
0.81971949
0.84599566
0.82236058
0.81238139
0.74608046
0.70776206
0.77902323
0.83571857
0.94136447
0.89305466
0.83045202
0.76742786
0.72081321
0.68752587
0.67731631
0.71520138
0.77128470
0.94367039
0.86878622
0.76772273
0.70634013
0.62714046
0.61090887
0.60784698
0.63943982
0.98255217
0.87170851
0.75090271
0.64385664
0.58835185
0.58709800
0.56968284
0.53015351
0.55980849
0.54958582
0.50430781
0.49068993
0.46660593
0.55140674
0.61981666
0.83737803
0.62865567
0.53813642
0.52936566
0.51777393
0.46545988
0.49285239
0.56574273
0.65173274
0.72584748
0.61489606
0.54049748
0.47997198
0.45403612
0.47820356
0.49530923
0.54893249
0.86956835
0.69999993
0.59014428
0.48682550
0.44954515
0.45818591
0.48145679
0.49038076
0.42626545
0.45059952
0.43783063
0.46686646
0.45499992
0.51180798
0.62782085
0.77969778
0.50882602
0.47600418
0.48495904
0.46682483
0.47107068
0.51082331
0.56409538
0.73472989
0.60454899
0.52570152
0.49317545
0.46801198
0.50381196
0.50851715
0.53912890
0.64194244
0.79134989
0.66263342
0.58036613
0.51462102
0.49884611
0.51345444
0.56625754
0.60245234
0.50354397
0.54052395
0.56173968
0.58931321
0.62278765
0.72526926
0.77902132
0.89158797
0.54912210
0.59806079
0.61809039
0.65180254
0.67956406
0.74400806
0.85237747
0.92677706
0.66874588
0.69667614
0.69041508
0.71085286
0.71025413
0.77565151
0.84740925
0.93069702
0.82516676
0.82396859
0.79996055
0.74933606
0.74333811
0.82912171
0.86492634
0.88690883
0.83405173
0.87328160
0.91718066
0.97257650
0.97744417
0.99633640
0.98773646
0.89831108
0.88295770
0.91921461
0.97488010
0.98774683
0.98486125
0.99440801
0.99526960
0.93020380
0.90168047
0.96380001
0.99230111
0.99313629
0.99475080
0.97956485
0.93756443
0.88808465
0.86393523
0.97443134
1.00000000
0.99682724
0.97509545
0.93849403
0.90134716
0.84975702
0.92848831
0.89370328
0.85041595
0.77504939
0.74984270
0.78917283
0.82135218
0.83409733
0.93932313
0.86178756
0.79602671
0.75726491
0.70694190
0.68567681
0.71462643
0.72170544
0.94342828
0.87189752
0.78472883
0.71665347
0.66499287
0.64340013
0.64666158
0.63250816
0.88538796
0.81766778
0.75677049
0.66961676
0.62903368
0.62989229
0.61785036
0.58210737
0.61225963
0.59701186
0.57254159
0.56303668
0.56278384
0.59854603
0.64167869
0.73502046
0.64993209
0.59659028
0.58199471
0.57845175
0.55469233
0.55880064
0.61136007
0.66579300
0.70556241
0.64076108
0.58673733
0.56497753
0.54943067
0.56744903
0.58307242
0.61425835
0.76932704
0.67771673
0.61007994
0.56543535
0.56503910
0.55536151
0.55724263
0.56331873
0.53368711
0.54546446
0.53126752
0.55167687
0.53977829
0.58744931
0.65320843
0.72672200
0.59601647
0.54703951
0.56279874
0.55111587
0.54595280
0.57795072
0.61235517
0.69868380
0.63946456
0.60231978
0.57454592
0.55432659
0.57361639
0.57692409
0.59805477
0.64946896
0.71718240
0.67172539
0.62544000
0.58455962
0.56825000
0.57760161
0.61973923
0.64652246
0.57037985
0.59869432
0.62627220
0.63454050
0.66616714
0.73541057
0.75375712
0.81385458
0.60667509
0.63105434
0.65428036
0.68296206
0.71671355
0.77713376
0.83863062
0.89934033
0.66222984
0.70057672
0.71417987
0.74407780
0.75688678
0.80902833
0.86874908
0.94387436
0.75729918
0.77804816
0.78042483
0.78371423
0.79625708
0.85809672
0.89660120
0.94113982
0.83865756
0.87917995
0.91618598
0.96534240
0.96604961
0.98873204
0.98905540
0.92578363
0.87323636
0.92063856
0.96968269
0.98251045
0.97424060
0.98299873
0.99138474
0.93944806
0.88818198
0.96353257
0.98820645
0.97790712
0.96625370
0.97264838
0.95015901
0.90141439
0.88472939
0.96891290
1.00000000
0.98703051
0.95552170
0.94651192
0.90945381
0.86948311
0.92902970
0.89762509
0.85848349
0.80385333
0.76794028
0.79947400
0.83754987
0.86232358
0.94919378
0.87628800
0.80849683
0.76289141
0.72342163
0.69333911
0.73737460
0.74818516
0.95538610
0.88655484
0.78831840
0.73500431
0.66506702
0.64493585
0.64099580
0.64224058
0.91665113
0.84282428
0.76690465
0.67368954
0.63699085
0.61910576
0.61567676
0.58450586
0.59881544
0.58904690
0.56833100
0.55742508
0.53669053
0.60461551
0.66208076
0.76434636
0.65357423
0.59001023
0.59114367
0.57717454
0.54762119
0.55315965
0.62446171
0.67794627
0.72339517
0.64792746
0.58924419
0.55783087
0.53556103
0.54716575
0.56940651
0.60438716
0.80235440
0.70537680
0.63413525
0.55316156
0.54570246
0.53509462
0.54173344
0.54327822
0.51307189
0.52822298
0.51876396
0.52877587
0.53097683
0.56970251
0.64270484
0.74913299
0.58845633
0.53559411
0.53980780
0.54101807
0.54375744
0.55981785
0.61939508
0.71834660
0.65136617
0.58911794
0.56047511
0.53617072
0.55357182
0.55777019
0.59380358
0.65470487
0.74656671
0.67450976
0.62467486
0.56881469
0.54774910
0.56215304
0.62714404
0.63776779
0.55065036
0.60184443
0.63004380
0.64631253
0.66778964
0.73955166
0.76380587
0.83849841
0.60734349
0.62896806
0.65668285
0.68085015
0.72016394
0.76238143
0.83970815
0.89111423
0.67199683
0.70081675
0.71107835
0.74158800
0.75858599
0.80060536
0.86394489
0.92935830
0.77586412
0.79493243
0.78001803
0.77782416
0.79926264
0.85564864
0.89984709
0.94184452
0.80075139
0.83246017
0.87400550
0.91269076
0.89937663
0.94448531
0.97854936
1.00000000
0.85034472
0.88029516
0.92369324
0.92534226
0.92549193
0.92899352
0.95888531
0.96104544
0.90469134
0.94307244
0.94133908
0.93579954
0.90422422
0.92759377
0.88667017
0.87422651
0.97585404
0.99103588
0.97302657
0.94010073
0.90528595
0.87917924
0.83861601
0.83455741
0.85811919
0.83303797
0.81726235
0.76317900
0.71973968
0.78544915
0.83390307
0.92834038
0.89628309
0.84250087
0.78530335
0.72535479
0.68636435
0.67077833
0.71220595
0.77815634
0.94655567
0.85211039
0.76981765
0.69689077
0.62796116
0.61077607
0.60469401
0.64415264
0.99255466
0.86828494
0.74455798
0.64630806
0.58688980
0.57671940
0.57893729
0.52603632
0.55061078
0.55847180
0.51841468
0.49455500
0.47461313
0.56140006
0.64099765
0.82750666
0.63040024
0.53912812
0.53818530
0.52882862
0.46601900
0.48795080
0.56638998
0.66167533
0.73922771
0.62380213
0.53886056
0.48063427
0.46885741
0.49322969
0.50214559
0.55539650
0.87183231
0.70865935
0.60240686
0.48892099
0.47518149
0.45432055
0.47585505
0.48777407
0.42203179
0.43801653
0.44301105
0.46789944
0.44784763
0.51838028
0.61340827
0.80263668
0.51720864
0.46559218
0.48618221
0.47573698
0.47172013
0.51037985
0.58706796
0.74204212
0.61031699
0.53123385
0.50156230
0.47301361
0.50316542
0.51062042
0.55017614
0.65125448
0.79153430
0.67445254
0.58980858
0.51978648
0.50317848
0.52130640
0.57849753
0.60724479
0.50836223
0.54851413
0.57471722
0.60975581
0.64119107
0.74187571
0.79694414
0.90840536
0.56676656
0.59709466
0.63397509
0.66929990
0.69526631
0.74155545
0.84505773
0.93944776
0.68581104
0.70580393
0.71869105
0.72173494
0.71461868
0.77298373
0.84323692
0.91612047
0.83436859
0.84385455
0.81571621
0.75216842
0.75589228
0.82535672
0.85928333
0.89383024
0.85999483
0.90061295
0.93436575
0.97808993
0.97734028
0.98777282
0.98282367
0.91427445
0.88205457
0.93367553
0.98816246
0.98714352
0.99353123
1.00000000
0.97562933
0.93446583
0.88743514
0.96240222
0.99084699
0.99597710
0.98190981
0.98729420
0.94849682
0.89901406
0.86314416
0.96829462
0.99677521
0.99563956
0.96757048
0.94350547
0.90179092
0.87622917
0.92186868
0.89660126
0.86318868
0.81657451
0.76768696
0.80481863
0.82006598
0.82664198
0.94362861
0.88161165
0.83365649
0.77702492
0.71416265
0.71267188
0.71614933
0.72245491
0.94410098
0.87202513
0.80338413
0.72999358
0.68159693
0.65858519
0.64622355
0.63825423
0.88717216
0.82875693
0.75980967
0.69627124
0.64742142
0.63582402
0.60923344
0.57364237
0.61011279
0.60027450
0.57758641
0.57437438
0.55447388
0.59609151
0.64607269
0.72856319
0.66096628
0.58310229
0.59149051
0.59181762
0.56471759
0.56084073
0.61242288
0.66309589
0.70827436
0.63148421
0.59125400
0.56611907
0.55037355
0.57709420
0.59935391
0.60590494
0.75938487
0.67542815
0.62096649
0.57100201
0.56699860
0.56820834
0.57786751
0.56379586
0.54190648
0.55893189
0.54301333
0.56059790
0.54946727
0.57100278
0.62830031
0.71002728
0.60346001
0.55669683
0.56272137
0.56962126
0.55588591
0.58097458
0.61384296
0.69222611
0.63803512
0.58497328
0.56992340
0.55534869
0.57148314
0.58265650
0.59741646
0.66034693
0.72096092
0.65588087
0.61847872
0.58700091
0.56772292
0.58397454
0.61147577
0.63279730
0.57153714
0.59977186
0.62442482
0.63662100
0.68766886
0.74439019
0.73976600
0.79544497
0.60929054
0.62093621
0.65687537
0.69637305
0.71725428
0.78142107
0.84033060
0.88071191
0.66886860
0.68845785
0.72411919
0.74495775
0.77131152
0.82827193
0.88256651
0.93207556
0.73095340
0.76707202
0.78892124
0.79910594
0.80920130
0.87474734
0.91406399
0.95664293
0.82940263
0.87527412
0.91300064
0.95392239
0.95775843
0.98105317
0.97815681
0.93621206
0.87780398
0.92668587
0.98115730
0.97569090
0.98097044
0.98776591
0.95917183
0.92916375
0.89614666
0.95398712
0.98480290
1.00000000
0.97512037
0.96076113
0.93112570
0.88323152
0.88615566
0.96808171
0.98402709
0.97683734
0.94120204
0.91895670
0.88100374
0.84528834
0.89920706
0.87014139
0.83033890
0.78527731
0.74807137
0.79412913
0.82127619
0.84621245
0.93553841
0.85585183
0.80367440
0.75813806
0.69079757
0.70544565
0.71591115
0.73409152
0.93873930
0.86174935
0.78285712
0.71769947
0.66639364
0.64139134
0.63505644
0.64298958
0.89497733
0.83237976
0.74074990
0.68311769
0.62936997
0.63395548
0.61098623
0.56976974
0.60679436
0.59382260
0.56568277
0.55684400
0.53277868
0.58694977
0.63700354
0.74689507
0.64260447
0.58154547
0.57654405
0.56861722
0.54414111
0.55117315
0.60432076
0.66461426
0.71200764
0.63421077
0.57470816
0.55129260
0.53286833
0.55386740
0.56747013
0.59622192
0.78253025
0.68962663
0.61194366
0.55114561
0.54393893
0.53526169
0.55114222
0.55105972
0.52536321
0.54711974
0.53384292
0.52905297
0.52334416
0.57479632
0.64436674
0.72766024
0.57566923
0.54628891
0.54489297
0.55003500
0.52369303
0.56173050
0.58843070
0.70778263
0.63657492
0.57781672
0.56711054
0.53622526
0.54640710
0.56656337
0.59467304
0.66231596
0.73529953
0.65933883
0.59566653
0.56544238
0.55631256
0.57668853
0.61866939
0.64314842
0.56482035
0.59938514
0.62849176
0.63364416
0.66086513
0.72925770
0.75167006
0.82142884
0.60709518
0.62992692
0.66000807
0.68774289
0.69330043
0.76905686
0.83217323
0.89357573
0.67250144
0.69987088
0.71314329
0.72747487
0.75877410
0.79902828
0.85937423
0.93609262
0.75405276
0.78901625
0.78245914
0.78501344
0.79421675
0.85531312
0.90133917
0.95344490
0.78681248
0.84098190
0.87544006
0.88890636
0.89224410
0.93861020
0.97940016
1.00000000
0.84920615
0.89620548
0.91763717
0.91505533
0.91865897
0.92571622
0.94511425
0.96157658
0.88601971
0.95298433
0.93135428
0.93215477
0.91136897
0.92133528
0.89433038
0.87642902
0.97476006
0.97949350
0.96950936
0.92967665
0.90175629
0.86939317
0.83752179
0.80861884
0.83941692
0.82372838
0.80539674
0.75106233
0.71784955
0.77321196
0.83563715
0.91608489
0.90479320
0.81827193
0.77295363
0.72698861
0.67101288
0.68228936
0.71957803
0.75507343
0.94309878
0.85322285
0.75864649
0.69506538
0.62798405
0.62285757
0.59641343
0.63570911
0.97327441
0.86843866
0.74400717
0.65879190
0.59899002
0.58814150
0.56709599
0.53346467
0.56601536
0.55002743
0.52053708
0.50410575
0.47115865
0.55488247
0.63727343
0.80450433
0.61518997
0.53992671
0.55011803
0.51788253
0.46428567
0.47548893
0.56812727
0.65720212
0.71830052
0.62740141
0.53343850
0.48226660
0.45466039
0.46814853
0.49197066
0.55311918
0.84356129
0.69799942
0.59092289
0.47529081
0.45351517
0.45617163
0.47904328
0.49019259
0.43278718
0.46323901
0.45108271
0.45757478
0.45112976
0.51760191
0.62635505
0.79314834
0.50637138
0.47284338
0.48309973
0.48177531
0.46627867
0.52972215
0.58033109
0.74513710
0.61072654
0.53319085
0.50575602
0.48596561
0.51001447
0.53673208
0.57051307
0.64130944
0.77209514
0.68759668
0.58212531
0.53453535
0.51585340
0.54108483
0.57922012
0.61180401
0.52789390
0.54468292
0.58117837
0.60475200
0.63421696
0.72601992
0.77896911
0.89813441
0.58236003
0.59462899
0.63176656
0.65707797
0.67517734
0.73739064
0.83399004
0.91711670
0.67987782
0.70086390
0.69227219
0.70432669
0.72780818
0.76880431
0.83455020
0.92924374
0.81873041
0.81001294
0.79138285
0.75089771
0.75438458
0.82716054
0.87283999
0.90692484
0.85231632
0.89164144
0.92735702
0.95977646
0.97628599
0.98504674
0.95563501
0.88806230
0.87814200
0.92781675
0.96843308
0.99355352
0.98790193
0.99021947
0.99002832
0.93324751
0.88204366
0.95268291
0.98891592
1.00000000
0.97918206
0.97523183
0.94742966
0.91509801
0.85545105
0.93693584
0.97923881
0.99301070
0.96374679
0.94373673
0.91348124
0.87369210
0.91969270
0.89734685
0.86317426
0.80801409
0.77117676
0.80183440
0.82407039
0.83846635
0.95111912
0.88480997
0.83501709
0.78303325
0.72104055
0.71312052
0.73005962
0.72790122
0.95406657
0.88519448
0.80485857
0.74381572
0.68066657
0.65563053
0.63583821
0.63678128
0.88764030
0.82994848
0.76976174
0.69159836
0.65142280
0.63710672
0.61425155
0.58606589
0.61737567
0.59447145
0.57563621
0.56443566
0.54881865
0.59749579
0.63599235
0.73149085
0.64957637
0.59539902
0.59446567
0.57806462
0.55638808
0.56282312
0.60745722
0.64869380
0.70175201
0.63154584
0.58707637
0.56349498
0.55380917
0.55994040
0.57633913
0.59339893
0.76213008
0.67264044
0.62149853
0.57037592
0.56004322
0.56887835
0.56080979
0.56598669
0.55498558
0.56894761
0.55318642
0.54606956
0.52745575
0.57678366
0.62592626
0.70139056
0.58231103
0.56292415
0.56904000
0.55336046
0.54775542
0.58164281
0.60776198
0.69282842
0.62431782
0.59019202
0.57253623
0.55948633
0.57142442
0.58636647
0.59488046
0.64764923
0.69474286
0.66007107
0.61344492
0.58758461
0.56444514
0.57050401
0.61965817
0.63878864
0.56316704
0.58970827
0.62684041
0.64495558
0.67369401
0.73423332
0.74582177
0.79295516
0.60568404
0.62549758
0.65383375
0.68464333
0.70779246
0.76335526
0.83600783
0.87596422
0.65331620
0.67971092
0.70904100
0.72096211
0.77179521
0.82059628
0.87346900
0.93542546
0.72199792
0.77128237
0.77981412
0.78464586
0.80535293
0.87122339
0.91355312
0.94893849
0.83632135
0.89085943
0.92671537
0.95428640
0.96201760
0.98475438
0.98322040
0.92888474
0.89686441
0.92558026
0.96719134
0.98041934
0.97579896
0.97099042
0.96959323
0.93506593
0.89818996
0.97133327
0.97772872
0.98213935
0.95869356
0.95740062
0.93147415
0.89550620
0.88251442
0.96055388
1.00000000
0.96650678
0.94242108
0.92759776
0.89538658
0.85486841
0.91296864
0.88756764
0.85136569
0.78981584
0.75786567
0.79763258
0.83120066
0.85738987
0.92786801
0.86387181
0.81929559
0.76283377
0.70422834
0.71588677
0.71598238
0.72104013
0.93678391
0.87642932
0.79312879
0.73334658
0.67144918
0.65417141
0.63024980
0.63566172
0.91046029
0.83810437
0.76467395
0.69500268
0.63562667
0.61928868
0.60359532
0.56684852
0.60077798
0.58295453
0.55814189
0.54185867
0.53076148
0.58736527
0.63592237
0.75266957
0.65111768
0.57856148
0.57219249
0.56118023
0.53163224
0.56172925
0.61250240
0.66332024
0.70642412
0.62585080
0.57232094
0.54805809
0.54057837
0.55163002
0.55819792
0.59933347
0.77539933
0.68595660
0.62224460
0.56453520
0.54018664
0.53341460
0.54204869
0.55444419
0.50962031
0.53272122
0.53182530
0.54545629
0.53471071
0.56965888
0.63325793
0.71443540
0.56556934
0.54817712
0.55957133
0.55347788
0.54774678
0.57226789
0.59575182
0.71121752
0.63844520
0.58287501
0.56761068
0.55483902
0.56714123
0.58033973
0.59913409
0.67022699
0.72384787
0.65055060
0.59528852
0.57317233
0.56783158
0.58120608
0.62191963
0.64386004
0.57588100
0.60099018
0.62273210
0.63698620
0.65922415
0.73759377
0.76769340
0.81121379
0.60393488
0.62682140
0.64980322
0.67848110
0.70904732
0.76932257
0.83654284
0.89649522
0.66410071
0.70315522
0.70950717
0.73004675
0.76220572
0.81472009
0.88492858
0.95429051
0.74476421
0.79027474
0.79084927
0.79394859
0.79976928
0.87382156
0.91023988
0.95224369
0.78814083
0.84101850
0.86842954
0.90550274
0.90270770
0.94355685
0.98072606
0.99873930
0.87096983
0.88206828
0.91990793
0.92870724
0.92669517
0.92039096
0.93857574
0.96651286
0.90247196
0.95201504
0.93546903
0.93215305
0.90703678
0.91357166
0.88738751
0.87518275
0.96352267
0.97669435
0.96468300
0.92314583
0.89493209
0.87593144
0.83316171
0.81477571
0.85378748
0.82934588
0.82112849
0.76248175
0.72672141
0.77962714
0.84312081
0.93981636
0.89123732
0.82373244
0.77602488
0.73107427
0.67661816
0.68660796
0.72695792
0.77178943
0.94738382
0.85580891
0.76091397
0.70351875
0.63360250
0.62469733
0.61131269
0.63945901
1.00000000
0.87507629
0.75555694
0.66247141
0.60428840
0.59665680
0.58175272
0.53089225
0.56205231
0.56147718
0.52033716
0.51214910
0.46771854
0.56932354
0.64849478
0.82996225
0.63305926
0.54489422
0.53292698
0.54023445
0.47665709
0.50210828
0.57121032
0.69332457
0.73835427
0.62305504
0.55044395
0.49373063
0.47031689
0.49405065
0.48469040
0.57417715
0.86798483
0.72768718
0.61419976
0.49793372
0.47825071
0.45574728
0.46849576
0.49776176
0.41882873
0.45425561
0.45444134
0.48667124
0.48170218
0.53608704
0.63884294
0.80154961
0.50681275
0.48764357
0.50414240
0.50235665
0.49765778
0.52543384
0.58524662
0.74132025
0.64677352
0.55385667
0.52731884
0.49971288
0.51025373
0.52915299
0.57523119
0.67614305
0.80312198
0.68875343
0.58177632
0.52418870
0.51285338
0.54618812
0.60231787
0.62384468
0.52585214
0.56599599
0.59351701
0.60011220
0.60640037
0.73197633
0.79415256
0.91495728
0.59118772
0.61495280
0.62184846
0.64670491
0.67971432
0.74029940
0.82976794
0.92786622
0.68308389
0.71074736
0.69902897
0.71911031
0.71699458
0.77191037
0.85062432
0.94098490
0.83456075
0.84336025
0.79411274
0.76105237
0.74954945
0.83565235
0.86262500
0.89877301
0.84814954
0.88787192
0.92514241
0.97114313
0.97496128
1.00000000
0.97222406
0.89421105
0.88447207
0.93061024
0.97718412
0.98660171
0.98734403
0.97773993
0.97187674
0.92431086
0.89835280
0.97461253
0.99734712
0.98768377
0.98169202
0.95876122
0.93577772
0.89254600
0.86064649
0.94557828
0.97864366
0.97524387
0.95072728
0.93033278
0.89201725
0.85081846
0.91419321
0.88637513
0.84552139
0.80885804
0.77644110
0.80207109
0.81668371
0.81755668
0.93764299
0.86095583
0.81761736
0.77849287
0.71904272
0.71078438
0.72942406
0.72659659
0.94806123
0.87345183
0.79418695
0.73159516
0.68772346
0.67692524
0.66890007
0.65502000
0.88344783
0.80645639
0.75476873
0.70284915
0.65098083
0.65515989
0.63491946
0.59510362
0.61477554
0.60808504
0.58920777
0.57299936
0.54913807
0.62274373
0.66114974
0.72921568
0.67785126
0.60489100
0.58956534
0.59522301
0.56518221
0.57380801
0.61808294
0.65782827
0.71711987
0.65098655
0.61162776
0.56927395
0.55545211
0.57450593
0.57356071
0.60681015
0.75374019
0.69255048
0.64051735
0.57472682
0.55416417
0.55043280
0.55858159
0.57270718
0.52676648
0.54450691
0.54584146
0.55729878
0.56014109
0.58684456
0.64140755
0.70877796
0.57995927
0.57007945
0.56852710
0.57434237
0.57251388
0.58400148
0.60748190
0.68500841
0.64209986
0.58926070
0.58675683
0.57382220
0.57867873
0.59543103
0.60485274
0.65534723
0.70991325
0.65421176
0.61374581
0.58520627
0.58743978
0.58890504
0.60630804
0.64974838
0.59000063
0.59182245
0.63212788
0.64713860
0.66870719
0.74671966
0.75629598
0.80214894
0.60995173
0.62967408
0.66400439
0.68257236
0.70980448
0.76376969
0.83465213
0.87894243
0.66101038
0.69505143
0.72071356
0.73365241
0.75937539
0.80876774
0.87614250
0.94589865
0.72616887
0.78111500
0.78771311
0.78214777
0.79751933
0.86476421
0.91037750
0.95359105
0.85341585
0.87705612
0.91378134
0.96050680
0.95884091
1.00000000
0.99281716
0.94489211
0.89547414
0.92389375
0.96526784
0.97375101
0.98753595
0.98914123
0.98722386
0.94762516
0.91552860
0.97531569
0.99450409
0.99391299
0.97280085
0.97410566
0.93500465
0.90188867
0.90420032
0.97721249
0.99042761
0.98740888
0.97052658
0.93217933
0.88889825
0.86304653
0.91734451
0.87981349
0.84664643
0.79973781
0.77146196
0.80694383
0.83923262
0.87013233
0.94647044
0.87413949
0.81540841
0.77507770
0.72457606
0.72227895
0.74296910
0.75230926
0.96295232
0.87303197
0.80042994
0.74468958
0.67928857
0.66201252
0.65739310
0.65908360
0.92881018
0.84142941
0.77020741
0.70637286
0.64283854
0.63692218
0.63203299
0.60248941
0.61842513
0.61459100
0.58869010
0.56883639
0.55075085
0.62211275
0.66420531
0.78083438
0.67946315
0.61405551
0.59750420
0.59912705
0.55876058
0.55840594
0.62195104
0.67699164
0.72602671
0.65154874
0.60240257
0.55960363
0.53819227
0.55687845
0.56741410
0.62197202
0.80165708
0.71400613
0.63619310
0.56532437
0.54433548
0.54793692
0.55187851
0.57330805
0.51285279
0.52880144
0.52945060
0.55150515
0.55268902
0.59277922
0.65124643
0.74948800
0.58837885
0.56809491
0.57167488
0.56670535
0.56907463
0.58644533
0.62281311
0.72130793
0.65659821
0.60108364
0.58548236
0.57353389
0.57916600
0.58507562
0.60149229
0.66554213
0.75661582
0.68398261
0.62771714
0.58529145
0.57158107
0.59121311
0.61722207
0.65103060
0.58450311
0.61241877
0.63643420
0.64208359
0.67263323
0.75477600
0.78634310
0.84308416
0.60726041
0.63701999
0.66418386
0.68795109
0.71703070
0.76160318
0.85813588
0.91378373
0.67192131
0.71510601
0.72557765
0.73397481
0.76306528
0.81372529
0.88024831
0.95290655
0.77474302
0.81104219
0.80858219
0.77970189
0.80320752
0.87241673
0.91192186
0.94185340
0.79119903
0.83294874
0.86086667
0.89051294
0.88180929
0.95248425
0.98644817
1.00000000
0.86534959
0.88083047
0.90490162
0.90520048
0.90093613
0.93743551
0.95952564
0.97190624
0.90870363
0.94707793
0.93494809
0.92372507
0.90701556
0.91751623
0.89137745
0.88095069
0.97224325
0.98778963
0.97414273
0.93511128
0.89329326
0.87436396
0.84988731
0.82146466
0.85547942
0.83936918
0.81795192
0.75324041
0.71064520
0.77679282
0.83526635
0.93353701
0.90855533
0.83526993
0.77534264
0.71924371
0.66939884
0.67650414
0.72811025
0.78017336
0.96406525
0.85084605
0.75950485
0.69146270
0.63092220
0.62369883
0.60618955
0.63883287
0.99037504
0.87171650
0.74715692
0.65485340
0.60090452
0.58313709
0.58284229
0.53984445
0.55598444
0.56918490
0.53224462
0.51084107
0.47266731
0.55486977
0.63008606
0.81734145
0.63495475
0.55351758
0.54560065
0.52555817
0.46867114
0.47302198
0.57103598
0.66329843
0.73369002
0.62168378
0.53196746
0.47417259
0.45428631
0.46049157
0.48487592
0.55501360
0.86623186
0.71389270
0.58597845
0.47166494
0.45191914
0.44757181
0.46483877
0.49184886
0.42114714
0.45007220
0.44672987
0.46934167
0.47147071
0.52178097
0.65092045
0.80451351
0.51112348
0.47707108
0.48747793
0.48345214
0.48526865
0.52077419
0.58998907
0.74905717
0.61376959
0.53408182
0.50477320
0.48051187
0.50865728
0.53828102
0.57173645
0.66948324
0.78164238
0.69749868
0.59479129
0.52348822
0.51621699
0.52356899
0.57610339
0.60966927
0.51668066
0.54130113
0.56012452
0.59956533
0.61546278
0.73969030
0.81071645
0.91811287
0.59502947
0.59904021
0.62476170
0.64915234
0.67583531
0.73633337
0.84459060
0.94517159
0.69078541
0.72739786
0.69787151
0.70452619
0.71609795
0.78251237
0.85652930
0.93197328
0.83779848
0.84898895
0.80483580
0.75551772
0.76044512
0.85036439
0.86612618
0.89256108
0.83964968
0.89366716
0.93039000
0.96139383
0.97533274
0.98098797
0.97761601
0.90388024
0.87196815
0.92564279
0.95969522
0.97199404
0.98128998
1.00000000
0.98178339
0.94148755
0.88280416
0.96430796
0.98201132
0.99033982
0.98659050
0.97553450
0.94459313
0.89966577
0.84837127
0.95905632
0.99803758
0.99793333
0.96149272
0.94105369
0.91854364
0.88016456
0.93172014
0.90621942
0.87766945
0.81143916
0.75621152
0.79487097
0.81393665
0.82251304
0.94562000
0.89115155
0.83576792
0.76107824
0.70294899
0.70225424
0.73458719
0.71805835
0.96054465
0.87476563
0.79423052
0.71575201
0.67521256
0.66458172
0.64840043
0.65093631
0.89928102
0.81637406
0.75936049
0.69089395
0.64987993
0.64518422
0.61464304
0.58437687
0.62036902
0.60194820
0.58115166
0.56462777
0.54476851
0.59074962
0.64663529
0.71677834
0.66870952
0.59294838
0.58677632
0.57677877
0.55774760
0.56993794
0.62223858
0.65762913
0.70836622
0.63581550
0.58170587
0.56065983
0.55837643
0.56818515
0.58558720
0.60674107
0.76255453
0.67410731
0.62658578
0.57587951
0.56129360
0.56227028
0.57078409
0.56733209
0.54057944
0.56372452
0.54156077
0.55107117
0.54084092
0.57573467
0.65288770
0.71042478
0.59457678
0.56257236
0.55819458
0.54649645
0.56167907
0.56909770
0.60692358
0.68981647
0.63754195
0.58892733
0.56505018
0.56078702
0.56246263
0.58460933
0.58451509
0.65795815
0.70604640
0.66424537
0.61936969
0.57690829
0.57253933
0.56395078
0.60690123
0.64132512
0.55989468
0.58462042
0.61006695
0.64111912
0.66803575
0.73270935
0.76035392
0.79654264
0.59659284
0.62131077
0.65794724
0.68547857
0.71181780
0.76552737
0.82818204
0.88344646
0.67595690
0.70665389
0.71098226
0.73231810
0.75683713
0.80264586
0.87080151
0.92678696
0.70824212
0.78491342
0.77874309
0.78161174
0.79131299
0.85802925
0.90868121
0.94118357
0.81656712
0.86029440
0.90416759
0.95444310
0.95706028
0.98635477
0.98671466
0.92234498
0.86521959
0.91421956
0.96173841
0.95800024
0.97642076
0.98088729
0.97665626
0.93161833
0.87031770
0.96340704
0.97111946
0.98269433
0.96775275
0.95847166
0.93006521
0.88452965
0.87059319
0.96638829
1.00000000
0.97559977
0.94693011
0.92847162
0.88715601
0.84054381
0.91243470
0.88336468
0.83251595
0.79885179
0.75203329
0.79342496
0.81508183
0.83541375
0.93358850
0.85185415
0.81150514
0.75501603
0.70106232
0.69626170
0.72495514
0.72255850
0.94486403
0.86440277
0.78349692
0.71460128
0.65575188
0.65023780
0.62745100
0.64237535
0.90015107
0.82219398
0.76011848
0.68222016
0.63295370
0.62052011
0.59023917
0.56384128
0.59547198
0.57201034
0.55307585
0.54364449
0.51411444
0.58598739
0.63013631
0.73341733
0.64992499
0.57016867
0.56716567
0.56021971
0.53083420
0.53363353
0.58579224
0.65363920
0.70346558
0.62778789
0.56967002
0.53155434
0.52482855
0.54074907
0.54231179
0.59134138
0.77470857
0.66571009
0.59626526
0.53916365
0.53743792
0.51854444
0.52057689
0.52942461
0.49099264
0.50842172
0.50821322
0.53807962
0.52930725
0.56043935
0.63306290
0.72412497
0.55564678
0.52215868
0.53677368
0.53961694
0.53768981
0.54698712
0.59146786
0.68064785
0.62788135
0.57213575
0.56035167
0.52962595
0.54930019
0.56033003
0.57461995
0.65097433
0.73494136
0.65913969
0.60831916
0.55217689
0.54470891
0.55153561
0.60158503
0.62721401
0.54200554
0.57797867
0.61001468
0.61797976
0.64059412
0.71736676
0.74550313
0.81479257
0.58571726
0.61526448
0.64475507
0.66319823
0.69887036
0.74701750
0.82136339
0.87062800
0.65907741
0.68363953
0.70017296
0.71827137
0.73862725
0.78494602
0.85020995
0.92143643
0.74122983
0.76763403
0.77836871
0.76659364
0.77430159
0.82708132
0.88426900
0.93240744
0.78114045
0.80658937
0.84559411
0.90709299
0.88079816
0.95519722
0.98849624
1.00000000
0.86407965
0.86970651
0.91101325
0.90246773
0.90182358
0.91078866
0.94492841
0.96331692
0.89958239
0.93971646
0.92898607
0.91291028
0.88973445
0.90541077
0.88334173
0.87961274
0.96120346
0.99755144
0.97024810
0.91160220
0.89435500
0.86747265
0.83395451
0.80783665
0.84804446
0.82509154
0.79379189
0.75419748
0.70996410
0.76632971
0.83385146
0.92188454
0.89742815
0.82012093
0.76350582
0.71346098
0.66809130
0.66244078
0.70614815
0.76735443
0.95190126
0.85279423
0.75285161
0.67936218
0.61665189
0.60241699
0.60162205
0.63198555
0.98357666
0.85536486
0.73666704
0.63738900
0.58288342
0.57138634
0.56805539
0.51498425
0.54588896
0.55708581
0.50429803
0.49440858
0.46129113
0.55671751
0.62079370
0.81086695
0.62260371
0.53016126
0.52485788
0.52020526
0.45532379
0.48393026
0.55527127
0.65855068
0.71520597
0.62002921
0.53688043
0.48154292
0.45094436
0.48284316
0.48655078
0.53761041
0.86246014
0.69365877
0.57750702
0.48335201
0.45698321
0.44594991
0.46101305
0.45911226
0.40729037
0.43273345
0.41514534
0.43880624
0.44689408
0.50103772
0.60635954
0.77604419
0.50378078
0.44747135
0.45855808
0.46471193
0.46885255
0.51747602
0.56121796
0.71192831
0.60734689
0.51054841
0.49182123
0.47049490
0.50799108
0.53368950
0.55783111
0.64710951
0.78315675
0.67182297
0.56504828
0.52500540
0.51440990
0.53026628
0.58925974
0.61727571
0.51831198
0.56126803
0.58170033
0.59504348
0.60877162
0.73018396
0.78851712
0.90149522
0.57650644
0.60891587
0.62188601
0.64100665
0.66832507
0.71646273
0.84075367
0.92591923
0.66552198
0.70247251
0.69740057
0.69542187
0.69390392
0.76180553
0.83733422
0.92503881
0.81272578
0.82896602
0.80576164
0.73227972
0.73873472
0.81629932
0.84905946
0.88755798
0.83263099
0.89366066
0.92851472
0.95694464
0.95488274
0.97615421
0.97336459
0.91589010
0.87150484
0.93455648
0.96268386
0.96874535
0.96443433
0.97621405
0.98437339
0.94220775
0.87720311
0.95041394
0.97992694
0.98256731
0.96318805
0.98216146
0.94432396
0.90372360
0.85609698
0.96397507
1.00000000
0.97806197
0.96902961
0.95037079
0.91438365
0.87688112
0.93680573
0.91085297
0.85691863
0.80555671
0.76172459
0.79443467
0.83484954
0.82230127
0.94641370
0.88666201
0.82686836
0.77565813
0.71029443
0.70230037
0.72735173
0.72351366
0.95930487
0.88990635
0.79880023
0.72224236
0.67727733
0.66377789
0.65428537
0.65439492
0.88905180
0.81614745
0.74955851
0.69410068
0.64461410
0.64308554
0.62156516
0.58981818
0.62461120
0.61030185
0.57589477
0.58116776
0.55987227
0.60479337
0.63430297
0.72490394
0.66710126
0.59454870
0.60182041
0.58715969
0.56647205
0.57154375
0.59840709
0.65867120
0.70275187
0.64647520
0.59428471
0.56378061
0.55337507
0.56023747
0.56764054
0.59455830
0.76094097
0.67442352
0.61225522
0.56542629
0.55197108
0.55317706
0.55918622
0.55982029
0.54398167
0.55214912
0.54296029
0.54839104
0.53311616
0.57108295
0.62254614
0.70275831
0.57908803
0.55530030
0.55726790
0.54625416
0.55195528
0.58034962
0.61397344
0.68484664
0.62438965
0.57348108
0.56046653
0.55317599
0.56264037
0.59098142
0.61498481
0.66323435
0.71387857
0.65494782
0.61460263
0.58243781
0.57817608
0.59434420
0.62628716
0.65323931
0.58069581
0.60695195
0.63084608
0.64060378
0.64842296
0.73899847
0.76208603
0.79813391
0.61872256
0.63415509
0.65613467
0.68205857
0.70793730
0.75807589
0.83868802
0.87913507
0.66615576
0.69785416
0.71664369
0.72645384
0.74320328
0.80718076
0.86410689
0.91807157
0.71651691
0.77476120
0.78803408
0.77187634
0.79266113
0.84568614
0.90725863
0.94719499
0.82671517
0.90608865
0.93016309
0.95077425
0.96357280
0.98168558
0.97262675
0.94654566
0.88655788
0.93235737
0.95493907
0.96986306
0.97750193
1.00000000
0.97971690
0.93895543
0.88735008
0.96138966
0.98202956
0.98632371
0.97812712
0.98077428
0.94523901
0.91508281
0.89950091
0.96729875
0.98956352
0.99511433
0.96840304
0.94458663
0.90700585
0.87147856
0.93253744
0.90961421
0.86144316
0.80367458
0.75991726
0.80330497
0.85274118
0.84508437
0.94434452
0.88312441
0.82792372
0.77492732
0.71117508
0.70625705
0.74913573
0.74060863
0.96010143
0.90322614
0.80944502
0.73376942
0.67285204
0.64992768
0.63786983
0.66093713
0.91469073
0.83476406
0.77046943
0.69202119
0.63412648
0.63426155
0.60707521
0.58299488
0.60310078
0.58753735
0.56586933
0.56079507
0.53747636
0.59991586
0.64017725
0.75457084
0.65333134
0.58914775
0.59121716
0.57181853
0.54856437
0.55755341
0.59721702
0.66497862
0.72479534
0.65634507
0.58376670
0.55419976
0.54505700
0.54289114
0.55979460
0.58327401
0.78593761
0.68722916
0.61314940
0.55115277
0.53021747
0.52762735
0.54759747
0.55878550
0.50036424
0.52497017
0.51975530
0.53718269
0.53099287
0.56003410
0.64267671
0.73861051
0.56754589
0.55126923
0.55267453
0.53984100
0.54322720
0.57933414
0.61390322
0.70357257
0.62413687
0.57591444
0.54913038
0.54086572
0.55699998
0.58234733
0.60021412
0.64414310
0.74223107
0.67405939
0.61931634
0.58148426
0.56496453
0.57812309
0.61655909
0.64147711
0.55484581
0.59164709
0.62044501
0.62639534
0.65140098
0.73366469
0.76488906
0.83803791
0.60461569
0.62580371
0.63857210
0.68512136
0.70123988
0.76511157
0.84231931
0.89273775
0.66292280
0.69109875
0.71106839
0.72989178
0.74344563
0.80580193
0.87995797
0.93143779
0.75312787
0.79287148
0.78848892
0.77350736
0.79126537
0.86499655
0.91414964
0.94239318
0.78689110
0.83668959
0.86051482
0.88612372
0.89850688
0.94273275
0.96153420
1.00000000
0.85514367
0.87497747
0.89838117
0.91205567
0.91049731
0.92645878
0.93703407
0.96037573
0.88419515
0.94458026
0.92839575
0.92069197
0.90392613
0.90096527
0.87591112
0.86635333
0.98095608
0.97054237
0.95026100
0.92585748
0.88442355
0.86198676
0.83603323
0.81555194
0.85106558
0.82900995
0.80464822
0.76848722
0.71894056
0.76997417
0.84434962
0.93441129
0.88517082
0.82431102
0.77741641
0.72567338
0.69455540
0.69087356
0.72248900
0.77107340
0.94242185
0.85373068
0.75170332
0.71555024
0.64381874
0.61344612
0.59984332
0.64603311
0.98264331
0.87452608
0.74393237
0.66450733
0.59232390
0.58405882
0.57459867
0.54001081
0.56058836
0.55674577
0.52114415
0.51843613
0.47306955
0.57576573
0.62688553
0.83064461
0.62430376
0.54603708
0.54813766
0.54452324
0.48381659
0.50098658
0.57178837
0.66408783
0.73695970
0.63617337
0.55768979
0.49852374
0.48235112
0.48102498
0.50247788
0.54765707
0.87233931
0.70889181
0.59693235
0.49906102
0.47877350
0.45997807
0.48297647
0.50818908
0.43451202
0.45049974
0.45701417
0.47244519
0.46073961
0.51569742
0.62867165
0.79877460
0.52482539
0.49739632
0.50036609
0.47488326
0.48587486
0.52399468
0.57436043
0.73855788
0.61628717
0.52449167
0.49955893
0.48823398
0.51430213
0.52177346
0.54341668
0.64609349
0.79925013
0.69364768
0.57957262
0.52918762
0.51488644
0.51935565
0.58350313
0.62097871
0.51223403
0.54908144
0.58263427
0.58889079
0.60986781
0.72608924
0.78822803
0.91707796
0.56124848
0.60780573
0.61895990
0.64992893
0.67500871
0.72341603
0.83230841
0.93217856
0.67981827
0.69499755
0.69041467
0.70685172
0.70524788
0.76345915
0.83457536
0.92368782
0.83407855
0.82695735
0.79792172
0.73185313
0.74985278
0.82872498
0.85785472
0.88326383
0.86034316
0.91137069
0.93681490
0.98289043
0.97964829
0.99346048
0.98841345
0.91903198
0.90433848
0.94614536
0.99046588
0.99022382
0.99610740
1.00000000
0.97712094
0.93872172
0.90040380
0.98082072
0.99316078
0.99873799
0.98733276
0.98696846
0.94074517
0.87462854
0.88080281
0.96422327
0.99758357
0.99403143
0.97315150
0.93938398
0.89757073
0.85073483
0.91786247
0.89413702
0.84447962
0.79109359
0.75331795
0.77683097
0.82372427
0.82908016
0.93281770
0.85790408
0.80627155
0.75632042
0.70783424
0.69627219
0.70686805
0.71161127
0.94665390
0.85276151
0.77058613
0.71544886
0.66358948
0.64250880
0.63783789
0.63678849
0.90218365
0.81632924
0.73815864
0.67660433
0.61967921
0.62180263
0.61195767
0.58824390
0.59502232
0.59009188
0.58081073
0.57409412
0.56130320
0.60731161
0.63906813
0.73379856
0.64687020
0.58885431
0.59812516
0.59849751
0.56655663
0.56822562
0.60851437
0.65904111
0.68651056
0.63070709
0.60109144
0.56519753
0.54601908
0.57267326
0.58725792
0.60219681
0.76893526
0.67828918
0.62056839
0.57061535
0.56478381
0.56380987
0.56459743
0.58148730
0.54881263
0.55718273
0.55638361
0.55174959
0.54250544
0.57860476
0.64927423
0.71946710
0.59191436
0.57247955
0.57242471
0.56077242
0.55842412
0.57476300
0.60417104
0.69192666
0.63563573
0.59176892
0.57565981
0.56314188
0.56699139
0.58704305
0.59713179
0.67130274
0.71320772
0.66806144
0.60931504
0.57924896
0.58185852
0.58494598
0.62739027
0.65744913
0.58563453
0.60040575
0.63734442
0.63779765
0.66645098
0.74692732
0.75721467
0.81452394
0.60308999
0.63906902
0.66617364
0.69637436
0.71210688
0.77536350
0.84857398
0.90336978
0.66881448
0.71208578
0.71967411
0.73604572
0.77283925
0.82082593
0.88587183
0.95164269
0.72868645
0.78155988
0.79785907
0.80043995
0.81624448
0.88173211
0.92590743
0.95819300
0.85258013
0.90036452
0.92452341
0.97309417
0.97806954
0.99697626
0.99669921
0.93964773
0.87532008
0.92697209
0.97465891
0.98537099
0.99026644
1.00000000
0.99397779
0.95895070
0.90051877
0.98235083
0.99942774
0.99511892
0.98826027
0.96968722
0.94627655
0.90127003
0.90440923
0.98226011
0.99588859
0.99532211
0.95842451
0.93736589
0.90730971
0.86060089
0.91648066
0.89343536
0.84876019
0.80538815
0.76560110
0.80539340
0.85837293
0.86687702
0.95214319
0.87061143
0.81818306
0.77187121
0.71373463
0.70877916
0.74782586
0.75684053
0.97377753
0.88430077
0.79752505
0.73717016
0.67818171
0.67110467
0.65279323
0.66311157
0.93148494
0.85458362
0.77317387
0.69310111
0.64164883
0.63723391
0.62666982
0.59819847
0.60651892
0.59515697
0.57987881
0.56769198
0.55355978
0.61061549
0.65938050
0.75379318
0.67054975
0.60176355
0.58369744
0.58671671
0.55559474
0.56104475
0.61627531
0.67520833
0.72562766
0.65391618
0.59550530
0.55981183
0.54182196
0.57264793
0.58082891
0.61166370
0.79063791
0.69277799
0.62594867
0.57281172
0.55901408
0.55463910
0.56677800
0.57152408
0.53935516
0.55323064
0.54841852
0.54695171
0.54387510
0.57807004
0.64990658
0.74063891
0.59472233
0.56729168
0.55687058
0.55766630
0.55415726
0.57263297
0.59538108
0.70550698
0.65288937
0.59684759
0.57624137
0.55322391
0.55639654
0.58333093
0.60373610
0.65466601
0.73991144
0.68337631
0.60248065
0.58124900
0.56258780
0.57969302
0.61686075
0.64674556
0.56579608
0.58975470
0.62517518
0.64790624
0.67119813
0.74751437
0.77455825
0.84052920
0.61306691
0.62769014
0.65660334
0.69077748
0.72783929
0.77730334
0.82965946
0.91779035
0.67209649
0.71390402
0.71440279
0.74874192
0.77183008
0.81091470
0.87074482
0.94859529
0.75951415
0.80652601
0.79379463
0.79034716
0.80592638
0.87629342
0.90574348
0.94885778
0.79785973
0.83678865
0.86163491
0.90750510
0.88512641
0.94028652
0.97891229
1.00000000
0.86745507
0.86856377
0.90987784
0.90762013
0.89337796
0.90424383
0.94166929
0.95748484
0.90848625
0.93551975
0.92645395
0.90727687
0.87737745
0.89092290
0.87616223
0.86138183
0.97253591
0.98968256
0.95046806
0.90658385
0.87648761
0.85614908
0.82748759
0.80559438
0.84118742
0.81518751
0.79191023
0.75541341
0.72650951
0.78704077
0.84944952
0.92498922
0.89667821
0.81290376
0.76964980
0.73336941
0.68474901
0.68626493
0.74395275
0.77648646
0.93386078
0.84338957
0.76982164
0.70957214
0.63809812
0.62220579
0.63461918
0.65621793
0.98622346
0.86705619
0.74855989
0.66617984
0.59944284
0.59628564
0.59440190
0.53837299
0.55861425
0.57120889
0.52627397
0.50939399
0.48685020
0.56855339
0.63966030
0.81293190
0.65365130
0.55166441
0.53887355
0.53309339
0.48732504
0.49421951
0.58174014
0.66746831
0.74977142
0.63168693
0.54592514
0.49984100
0.46748143
0.49754593
0.49887118
0.55063456
0.85089171
0.71695805
0.59384167
0.49883795
0.48260623
0.46208835
0.47778502
0.49826351
0.43158415
0.46499816
0.45756352
0.47437671
0.47451133
0.53143924
0.61764681
0.78584546
0.52185774
0.48606464
0.48272491
0.49194428
0.49504858
0.52271432
0.57684290
0.72605520
0.61886656
0.52813083
0.51897681
0.49290460
0.50535381
0.52380961
0.56334943
0.64564019
0.78367519
0.67398566
0.57638437
0.52688223
0.50748092
0.52874529
0.58249420
0.61465871
0.50913215
0.54884356
0.57624835
0.60312790
0.61553884
0.73036653
0.79468834
0.90357381
0.58104807
0.59521562
0.61682612
0.64628202
0.67271543
0.74785018
0.83586246
0.94200009
0.67107338
0.72053367
0.69268137
0.71282578
0.72694832
0.77766705
0.84706831
0.92090607
0.81132406
0.83826220
0.80330890
0.76456028
0.76353872
0.84216988
0.85351104
0.88530368
0.83664411
0.88366920
0.91885364
0.96920204
0.98085737
0.99235070
0.97773814
0.91594005
0.87946063
0.92294770
0.96807283
0.98609406
0.99651921
0.99386793
0.99431533
0.93409526
0.88868326
0.95884579
0.99210048
1.00000000
0.98003781
0.97163332
0.94233799
0.89383125
0.87578315
0.94971675
0.99547219
0.99096024
0.96358079
0.93743312
0.90490979
0.87307584
0.92487061
0.89663625
0.86030108
0.80464530
0.77347636
0.81178272
0.83578366
0.84225506
0.94468921
0.87634575
0.83010745
0.77973056
0.72333759
0.72741407
0.72928596
0.72447300
0.94920450
0.87361962
0.79803360
0.74886978
0.68526602
0.66443306
0.65671152
0.64334023
0.90341192
0.82993746
0.76205915
0.70518893
0.64092696
0.64096230
0.62265259
0.57641476
0.61094147
0.59850079
0.56770068
0.55579674
0.54871070
0.60644579
0.65062684
0.73485911
0.66347498
0.59457886
0.58172792
0.57973617
0.56128216
0.56334728
0.61249477
0.65563166
0.70400369
0.63496017
0.58919543
0.56486070
0.55309486
0.57569897
0.58495009
0.60010195
0.76362622
0.68746614
0.61989188
0.57270122
0.56494391
0.56358516
0.57833904
0.58095020
0.55143273
0.56871802
0.55754465
0.55032480
0.54825699
0.59019142
0.63734746
0.71395838
0.58775592
0.57496339
0.56441426
0.56225616
0.56346506
0.58398968
0.62540954
0.70470965
0.63328314
0.58514315
0.58019924
0.56678456
0.57111102
0.57891434
0.60864425
0.66548586
0.71182740
0.66234273
0.62056494
0.58683348
0.57396203
0.58754158
0.63105381
0.65510809
0.57786715
0.60341811
0.63584632
0.64588964
0.67364496
0.74003679
0.74919778
0.80216175
0.61475796
0.64465702
0.66188484
0.70214987
0.70706779
0.77904993
0.82739300
0.87591177
0.67794663
0.69857544
0.72633928
0.74473161
0.76385200
0.80831790
0.86825836
0.92194647
0.73859197
0.77100211
0.78463525
0.79041994
0.80059475
0.85851246
0.90411627
0.94231498
0.82466805
0.87290645
0.90848899
0.95348203
0.95888311
0.97022361
0.97445714
0.91874325
0.86013132
0.91203326
0.95084304
0.95979393
0.97960478
0.96726024
0.98710430
0.94378555
0.87641519
0.94940293
0.96084732
0.97766519
0.95909554
0.95473909
0.92701834
0.89510101
0.87500948
0.95494968
1.00000000
0.97448504
0.94935125
0.91918308
0.89314014
0.85281080
0.89649910
0.87933356
0.85081148
0.79393470
0.76054990
0.79697442
0.83710480
0.85276616
0.93520427
0.86544490
0.81304371
0.76574969
0.71855146
0.70687872
0.74146849
0.74039423
0.96431512
0.86895370
0.78420591
0.73594254
0.65671301
0.65439624
0.63186437
0.64352214
0.90990710
0.84701246
0.76678342
0.68903536
0.63832194
0.62151021
0.60916847
0.58050179
0.60230321
0.58904117
0.56844449
0.55103749
0.52975762
0.60333270
0.64361870
0.74015987
0.64664692
0.58515501
0.57520550
0.57491326
0.53481412
0.54727376
0.59236711
0.64708984
0.71715093
0.63592386
0.58890992
0.54159564
0.52895921
0.54965347
0.55511409
0.59221810
0.78458595
0.69151789
0.61160201
0.55569023
0.53501481
0.53123063
0.53754735
0.54176861
0.50593245
0.53002077
0.51719624
0.53235954
0.51843685
0.56075406
0.62989628
0.73115265
0.56149799
0.53074479
0.54350543
0.53068107
0.53462213
0.56546098
0.60091209
0.70776534
0.62338185
0.57342517
0.55473918
0.53702152
0.55322671
0.57243896
0.58376110
0.65948623
0.73272735
0.66482186
0.60963094
0.57270390
0.56024295
0.56296188
0.61377710
0.64547229
0.55751616
0.57930613
0.60765487
0.63047099
0.64394134
0.71684629
0.75656337
0.81876689
0.59470534
0.63395286
0.65307873
0.66369325
0.68776649
0.75024003
0.81382930
0.87881637
0.67147118
0.70024419
0.69842267
0.71911567
0.73965633
0.79097098
0.85840166
0.91548175
0.75359762
0.78581280
0.76764065
0.76883256
0.77999818
0.84531695
0.88890678
0.93182397
0.80022871
0.84998602
0.87291956
0.91002768
0.90004671
0.95750678
0.98111057
1.00000000
0.86051607
0.88120300
0.92469597
0.92421961
0.91375130
0.93186009
0.95891964
0.97644055
0.89401484
0.95107394
0.94228250
0.93844539
0.90598625
0.91482359
0.89122611
0.89266467
0.96190757
0.98672110
0.96476489
0.94000071
0.90842706
0.87593204
0.85587728
0.83839869
0.86362684
0.84606737
0.83073407
0.76721758
0.73334885
0.79819447
0.86777008
0.94842446
0.90826684
0.85184991
0.79376662
0.75301200
0.69469613
0.69365793
0.75445879
0.80421793
0.96503264
0.87315559
0.78278500
0.71926814
0.63482559
0.64019173
0.62330496
0.66209793
0.99534637
0.90146524
0.76937681
0.66889954
0.61887336
0.60537922
0.58976603
0.54898787
0.57688779
0.56907707
0.52644801
0.51136923
0.47928703
0.57364655
0.64725429
0.83643919
0.64532483
0.56098622
0.54871333
0.54101622
0.47638881
0.49236822
0.57005227
0.66605008
0.75884914
0.63678277
0.55853784
0.49475935
0.46290615
0.48248208
0.50132215
0.56043410
0.88127863
0.72623163
0.59305567
0.49551120
0.45789847
0.45932692
0.46875694
0.48759994
0.42190292
0.44417304
0.44368657
0.47632030
0.46439916
0.51693332
0.63838464
0.79484135
0.51524168
0.47552997
0.48902050
0.47915119
0.48603284
0.54379588
0.59691674
0.74617833
0.61291814
0.53674930
0.50832629
0.48709419
0.52485096
0.53859729
0.57130772
0.64872307
0.80407333
0.68546242
0.59839469
0.54637706
0.52797467
0.53695244
0.58495700
0.62097675
0.52256370
0.55839598
0.57644647
0.61007392
0.61914635
0.72794890
0.78996778
0.90201348
0.58075511
0.60791564
0.62950641
0.64635640
0.68983471
0.75068969
0.82769275
0.92284286
0.68029416
0.70662671
0.69641775
0.71984369
0.72531921
0.78528589
0.84501183
0.93565190
0.82803410
0.83898824
0.79546809
0.76028395
0.76717687
0.84028393
0.86578238
0.89745498
0.84183967
0.89540035
0.92919391
0.96756417
0.98932636
0.98171806
0.96472549
0.90041745
0.87766343
0.92774093
0.97586322
0.99576652
0.98927087
0.98963916
0.98313940
0.93812603
0.87586957
0.94611013
0.99363697
1.00000000
0.97669667
0.97981149
0.94035155
0.91197473
0.85189337
0.94672936
0.98769587
0.99178201
0.97081316
0.94098580
0.90622228
0.86215818
0.92858380
0.90803164
0.85984111
0.80627692
0.76751477
0.81807017
0.83728874
0.83715111
0.94353914
0.87740761
0.82992560
0.77996099
0.71911681
0.72014880
0.74033147
0.73938286
0.94670606
0.89353830
0.81247967
0.74394792
0.68364900
0.67360014
0.64106393
0.64997596
0.89852351
0.83428115
0.77073419
0.70471579
0.65661871
0.63785172
0.61591244
0.58223039
0.62565839
0.59546125
0.57431275
0.57466382
0.55951309
0.60602677
0.64872807
0.73356271
0.65208256
0.59147459
0.59644818
0.57782257
0.55366558
0.56272727
0.61249638
0.65064478
0.72420520
0.64004153
0.59274399
0.55876666
0.54558218
0.56370169
0.58709866
0.60012829
0.78092098
0.67608762
0.62347186
0.56655389
0.55657053
0.55660397
0.56492180
0.56085658
0.53222924
0.54101056
0.53388846
0.56375581
0.53980350
0.58003652
0.65128952
0.72300851
0.59325570
0.54859698
0.56573021
0.55193752
0.56792235
0.59744114
0.62514043
0.69372189
0.61931044
0.59439039
0.56905377
0.56825560
0.58847415
0.59370494
0.60571355
0.64807069
0.71448219
0.67111111
0.62811875
0.60292888
0.58274120
0.58965594
0.62028420
0.64612365
0.57766020
0.59962571
0.63284487
0.65357405
0.67507160
0.74765259
0.74657995
0.80001992
0.61407763
0.62695247
0.66324568
0.69609284
0.72232157
0.78595138
0.83426267
0.88002378
0.67447996
0.70019543
0.72885698
0.74943805
0.76929027
0.81547368
0.87159562
0.92463267
0.72379285
0.77916926
0.78741944
0.80261534
0.80061346
0.86244142
0.90339035
0.94642359
0.81701583
0.86882877
0.91614717
0.94791597
0.96089256
0.98255837
0.98827022
0.92188603
0.85751855
0.92282563
0.96609521
0.98116112
0.97899681
0.98506135
0.98154020
0.95109051
0.88194102
0.96079046
0.98277366
0.99197179
0.96674240
0.97333252
0.94300199
0.90822202
0.88667780
0.96348572
1.00000000
0.98508835
0.95659792
0.94461185
0.89768541
0.86350965
0.92382646
0.89622951
0.85593021
0.80687958
0.76094329
0.80053461
0.85180038
0.86620790
0.93969744
0.87319273
0.82726306
0.76494098
0.70198774
0.70656216
0.73532093
0.74945688
0.96150345
0.87544221
0.79217529
0.72285032
0.67372644
0.65581846
0.63274014
0.64947784
0.92452526
0.85350639
0.76709062
0.68967527
0.63528538
0.61897850
0.59867311
0.56921512
0.59880877
0.57675767
0.55981004
0.55763543
0.52997273
0.58601528
0.65122980
0.75282365
0.64332384
0.57720220
0.57628459
0.56750923
0.51810998
0.52844274
0.59241217
0.66224897
0.71520048
0.64013582
0.57618904
0.52708989
0.51982594
0.54806143
0.56137085
0.58887821
0.80174768
0.69592071
0.61162919
0.54388171
0.54663348
0.54287642
0.54376614
0.53790021
0.50946933
0.51652843
0.50053984
0.53130001
0.52598524
0.56568938
0.62474704
0.73179168
0.57992393
0.52835435
0.54364741
0.53465694
0.54430318
0.56061870
0.60108107
0.70417947
0.62600124
0.56966615
0.55052340
0.54228610
0.54871070
0.55700201
0.58577836
0.64334792
0.73511410
0.66944927
0.61077666
0.56340015
0.54011470
0.56050903
0.61453170
0.64747214
0.54325479
0.57988697
0.62950188
0.65100455
0.66758305
0.73786640
0.76465714
0.83893067
0.59940481
0.62729627
0.65632802
0.69190246
0.70580614
0.75388354
0.83165658
0.88548446
0.67469341
0.69430506
0.71538782
0.73446321
0.74909067
0.79971224
0.85359645
0.92951679
0.75537235
0.78745991
0.79642463
0.77098370
0.78035402
0.83966893
0.88622892
0.94340509
0.77029735
0.82091731
0.85901111
0.87968820
0.87982941
0.94394165
0.97814018
1.00000000
0.85214293
0.87918466
0.90938544
0.91262025
0.90802801
0.92211896
0.94594628
0.94548243
0.89358330
0.94899374
0.94064343
0.93248934
0.89285958
0.90485632
0.88437349
0.85050523
0.96836269
0.98137921
0.97659081
0.92227250
0.88194549
0.87218201
0.82425594
0.80638343
0.84563142
0.81786370
0.78538102
0.75550908
0.70890731
0.76749903
0.85665303
0.92477530
0.89255428
0.81080431
0.76538754
0.71106583
0.67952704
0.68932909
0.71285415
0.76389408
0.94190246
0.83088696
0.73223257
0.69606531
0.64521611
0.63812804
0.60477817
0.64899790
0.97796506
0.87400198
0.73324054
0.66290873
0.59604955
0.58506858
0.56727493
0.52861416
0.57262117
0.55046248
0.51097542
0.49815917
0.47179076
0.56941503
0.64698231
0.81123406
0.61812168
0.53598410
0.52962583
0.51829332
0.46261263
0.48605314
0.56896734
0.68133122
0.71529227
0.63522530
0.53381699
0.48262018
0.46053478
0.49620894
0.50140417
0.57046449
0.85025674
0.70965761
0.59781092
0.49059770
0.48110512
0.46467191
0.48961878
0.50140548
0.43419415
0.44931343
0.45630831
0.46350986
0.46326041
0.53589249
0.63735336
0.80006087
0.52497578
0.49199408
0.48117569
0.48124009
0.48168942
0.51952612
0.58584756
0.74294263
0.62832028
0.53419650
0.51032609
0.49306977
0.50262040
0.53046316
0.57554150
0.66063446
0.79247808
0.68670064
0.58738315
0.52525640
0.50632954
0.53843188
0.59145862
0.62263882
0.51997989
0.56052178
0.58966702
0.61285245
0.62661654
0.73463374
0.79207939
0.91323501
0.60120136
0.60860431
0.62197989
0.66307604
0.68805748
0.73842615
0.83806139
0.93059349
0.69244760
0.71043485
0.70495719
0.71881706
0.71784407
0.76827449
0.83792573
0.91849518
0.82388252
0.82700461
0.79785854
0.75153172
0.74294549
0.82178837
0.84473878
0.89293712
0.85018462
0.89737946
0.92597592
0.95702374
0.97417980
0.98495996
0.97293550
0.90466356
0.87052077
0.92942762
0.96371853
0.98040813
0.98214728
0.98652995
0.98427534
0.92391098
0.86992013
0.96145624
0.98644334
0.98498231
0.98189628
0.97949672
0.93380040
0.87623233
0.85733110
0.94274014
1.00000000
0.98884469
0.96840793
0.92950684
0.90344447
0.84351206
0.90809822
0.89074886
0.83144605
0.78561974
0.74852663
0.77631092
0.83826041
0.83859867
0.94138306
0.85433954
0.79460031
0.74616539
0.69278830
0.69121218
0.71495587
0.72873616
0.94337714
0.85764635
0.76398832
0.70698553
0.66869110
0.65420467
0.64352322
0.64394456
0.89965397
0.83729988
0.74466193
0.67715341
0.63569021
0.63773119
0.61778307
0.57910961
0.61803514
0.59705740
0.56162649
0.55304825
0.55222911
0.60361189
0.63992572
0.72619903
0.65769547
0.58856279
0.57347655
0.56183040
0.55042779
0.55981529
0.61613858
0.65341401
0.70494539
0.63241494
0.58060247
0.55432922
0.54727238
0.56085759
0.57823002
0.60390931
0.75506663
0.67450035
0.62252915
0.56298220
0.55719161
0.55558085
0.57256699
0.57919568
0.54901266
0.55824667
0.55354273
0.55229425
0.54408711
0.57792014
0.64940852
0.71973115
0.58602637
0.56968570
0.56210667
0.55126864
0.56460071
0.58528948
0.61109024
0.68505466
0.62155491
0.59188157
0.56775290
0.56956339
0.58190525
0.59821039
0.60554039
0.65401334
0.71259326
0.66179937
0.61019814
0.58876139
0.58157736
0.59404975
0.62334049
0.65834445
0.59138596
0.59757698
0.62667060
0.63611919
0.67484194
0.73657650
0.74821454
0.79350251
0.61571485
0.63443506
0.65204936
0.69395131
0.72777206
0.76486617
0.81012607
0.87524176
0.67120254
0.69722921
0.71730322
0.74628735
0.76375288
0.79718953
0.87396276
0.92575061
0.73066235
0.76280236
0.76446468
0.78305387
0.80018777
0.86735791
0.90497178
0.94879729
0.84442490
0.89437723
0.92438775
0.96752864
0.96838343
0.99509913
0.98434275
0.94112915
0.88614702
0.93340760
0.98002362
0.98340285
0.96466917
0.98532701
0.98272216
0.94117165
0.89041424
0.97662294
0.99567479
0.98928821
0.97072887
0.96710587
0.92537522
0.89331949
0.89252919
0.96302277
1.00000000
0.98315376
0.96082824
0.92677486
0.89428854
0.84411639
0.90962601
0.88699973
0.83277869
0.78521693
0.74901623
0.78264874
0.83866733
0.85584259
0.93682897
0.85492444
0.79187369
0.75484139
0.68554556
0.67918974
0.71650386
0.74593347
0.95411915
0.87867612
0.77106780
0.69844151
0.64738905
0.63462877
0.62883747
0.64380741
0.92857844
0.84562582
0.75014579
0.65990573
0.61503851
0.62519139
0.60918993
0.57600576
0.60063982
0.58406878
0.55883878
0.55435228
0.53889161
0.60154349
0.64305860
0.75066096
0.64323288
0.58121717
0.56850755
0.56489134
0.54086715
0.54770797
0.60319197
0.65621358
0.71427226
0.64152330
0.58015227
0.54606122
0.53747678
0.54462129
0.56649220
0.58856183
0.78129500
0.68247712
0.61460221
0.55502421
0.53607833
0.53549498
0.54002905
0.55571014
0.51512039
0.52518725
0.52383375
0.54785001
0.53717875
0.56307852
0.62932259
0.72429144
0.57908279
0.54202491
0.55292130
0.54308522
0.54805368
0.56786036
0.58712238
0.68745148
0.61574715
0.57783586
0.54943526
0.54535645
0.55776268
0.57762158
0.58979934
0.65095323
0.72896010
0.66152358
0.59482795
0.56904083
0.56897664
0.57596242
0.60810906
0.64126039
0.57278228
0.60160995
0.61203033
0.62683082
0.64905530
0.73708880
0.76095653
0.81746018
0.59942448
0.62052453
0.64042282
0.68459791
0.70200503
0.76609129
0.82969654
0.88666123
0.64827520
0.69676423
0.71648604
0.73617250
0.74962550
0.80824822
0.88148910
0.94391233
0.74565738
0.78035396
0.78560424
0.78343564
0.79300600
0.86492819
0.90734744
0.95152974
0.77612233
0.82046723
0.86000973
0.89037579
0.87631214
0.94716460
0.98215765
1.00000000
0.84295243
0.86546093
0.91175979
0.91195148
0.90642911
0.92230177
0.94896942
0.96376884
0.88148624
0.93732876
0.93290788
0.93028742
0.89626431
0.91312236
0.88637626
0.87465000
0.96712846
0.98366219
0.97535068
0.92558068
0.89070249
0.87761223
0.85037237
0.82089794
0.85961413
0.83628207
0.81129616
0.76434624
0.72191936
0.78053612
0.84445828
0.93916684
0.89625013
0.82946354
0.77805287
0.73105597
0.68566895
0.68281883
0.73005497
0.78123468
0.94175333
0.85646892
0.76197046
0.70446253
0.62728465
0.62240368
0.60485482
0.64504701
0.98073345
0.88386095
0.74786764
0.65939754
0.58984572
0.57475573
0.56680977
0.51869124
0.53727245
0.54179823
0.51628309
0.48965240
0.46792933
0.54886431
0.64024937
0.84167963
0.63279766
0.54193729
0.52443117
0.53099817
0.46982482
0.49363089
0.55718940
0.66581410
0.73700988
0.64184701
0.53138816
0.49071819
0.46983683
0.48910487
0.49325940
0.56617224
0.88323003
0.71645987
0.57227445
0.49820232
0.46312466
0.44993314
0.46295667
0.48515695
0.40609798
0.43357661
0.43152371
0.47020113
0.46123636
0.51357311
0.62760824
0.79215211
0.52044147
0.47013319
0.48076877
0.47121379
0.48176840
0.52137607
0.58189815
0.74129337
0.61307728
0.54476351
0.50012088
0.47530529
0.51147938
0.51232046
0.55148822
0.62543416
0.79406255
0.67981702
0.58159113
0.52685016
0.50915450
0.52715129
0.56399453
0.57849789
0.51072294
0.54764652
0.54553986
0.58097374
0.58574367
0.69641614
0.76941878
0.90438825
0.57038909
0.56696111
0.60726976
0.62903595
0.65947586
0.72684741
0.81682658
0.91679263
0.68013066
0.69125319
0.67956924
0.69122028
0.72236091
0.76248437
0.82769531
0.91317159
0.82642305
0.81317854
0.77546579
0.74208230
0.75482684
0.82009017
0.84369934
0.87614238
0.82930446
0.88227922
0.92443246
0.96835828
0.97080660
0.98840857
0.98647529
0.91564476
0.87920672
0.93173283
0.98575521
0.98276842
0.98150253
0.98403513
0.98384666
0.94161320
0.88187706
0.96121681
0.98577380
0.97781390
0.97452319
0.97304517
0.94681257
0.89544046
0.87926626
0.96929628
1.00000000
0.98159033
0.96060687
0.92650175
0.90247744
0.86584312
0.91099072
0.89621365
0.85030603
0.81047904
0.77007043
0.80900407
0.82870835
0.83784890
0.94784248
0.87410820
0.82691568
0.77677363
0.72023511
0.70530176
0.72375751
0.73608488
0.94949794
0.88012254
0.80634558
0.72866350
0.67472422
0.65692109
0.64529926
0.64868706
0.89424127
0.82873160
0.75975454
0.69167221
0.64265901
0.64046407
0.61956555
0.57161164
0.61769718
0.60487282
0.56915885
0.55028313
0.54461324
0.59172255
0.63961512
0.74607265
0.66549122
0.59144235
0.57870144
0.58205760
0.54535347
0.56210756
0.60999334
0.66103762
0.70938545
0.63960677
0.58550650
0.56034291
0.53963375
0.57016790
0.58671212
0.61594957
0.78053856
0.68301803
0.60743827
0.56712943
0.55029696
0.56210732
0.56560606
0.58159173
0.53942633
0.55394512
0.54768360
0.56957799
0.55111325
0.58465779
0.64036703
0.73324728
0.59355801
0.56720412
0.58431411
0.56324238
0.56055295
0.57136327
0.61627233
0.69832492
0.63246882
0.59897399
0.58578998
0.55473232
0.56628144
0.57318205
0.60090375
0.64868188
0.72532523
0.66349876
0.61686903
0.57783568
0.56962693
0.57944590
0.62041754
0.63866121
0.56945050
0.60199332
0.61912143
0.63269025
0.65791154
0.73483974
0.74981898
0.82142413
0.61109716
0.62348270
0.65060705
0.68791729
0.70689112
0.76802987
0.82755160
0.90268648
0.67361909
0.68974084
0.72184128
0.73183841
0.75662202
0.80180192
0.87081927
0.92738903
0.74354416
0.77894139
0.78028494
0.77624387
0.79263538
0.85485262
0.90323204
0.95533913
0.84264499
0.88689500
0.93765450
0.97452098
0.97190070
0.98721451
0.99207866
0.92960989
0.88368893
0.93436682
0.97514236
0.97541744
0.97371352
0.97451454
0.98357189
0.95061344
0.91392392
0.96880376
0.98128557
0.98357046
0.96703869
0.97308856
0.93768150
0.88914216
0.89705592
0.98519051
1.00000000
0.97427046
0.95640188
0.91929805
0.88802397
0.84780806
0.89863247
0.88007981
0.84492385
0.81067270
0.76533288
0.80039984
0.82890445
0.84403294
0.93535221
0.86227143
0.81936014
0.76723689
0.71545768
0.70208961
0.72676200
0.75562149
0.94922757
0.86912733
0.79494584
0.72874975
0.66950268
0.66171080
0.64113396
0.65492404
0.91680676
0.84233189
0.75845206
0.68826741
0.64365500
0.63612902
0.62192947
0.57730907
0.61443526
0.60913014
0.56649792
0.55773199
0.54099226
0.60095853
0.64530468
0.74643314
0.65243459
0.58903325
0.58096409
0.57397628
0.54392254
0.55045718
0.60173678
0.64995921
0.72874653
0.64452702
0.59285337
0.54116780
0.53503895
0.55320996
0.57002169
0.59196222
0.78969532
0.69065320
0.61252815
0.55237877
0.54042792
0.54051828
0.54985273
0.56088364
0.51987869
0.53221285
0.52529556
0.54361743
0.53746438
0.58826065
0.65368211
0.75573319
0.56991863
0.54246753
0.55973715
0.56050694
0.55211753
0.57537001
0.61664003
0.70943832
0.61628729
0.58578104
0.58004260
0.55511439
0.57185036
0.57872695
0.59952050
0.67016965
0.72920138
0.67732382
0.62555063
0.57732618
0.56561166
0.58981150
0.62225246
0.65185678
0.57568985
0.59908640
0.63226962
0.64629322
0.66683376
0.74215204
0.77215463
0.84396738
0.60834408
0.63836050
0.66652411
0.68786287
0.71373349
0.76109469
0.84375066
0.91333383
0.67548567
0.71255630
0.71710169
0.72993749
0.75491363
0.79965115
0.88049895
0.94814843
0.76813698
0.81016374
0.78940850
0.77791476
0.79155183
0.86778003
0.89983904
0.95978636
0.78014654
0.81994754
0.85714447
0.89434969
0.88700289
0.95019960
0.98024732
1.00000000
0.86267346
0.87111384
0.91156667
0.91421169
0.90471530
0.91821754
0.93423951
0.96162820
0.90560687
0.96393168
0.93629295
0.92540717
0.89518315
0.90646976
0.88459218
0.85004950
0.97241986
0.98288965
0.96046340
0.92570740
0.89417851
0.86934477
0.83427054
0.80853117
0.85135663
0.82936680
0.80758721
0.75026822
0.71105599
0.77571899
0.84342790
0.93795884
0.88461035
0.81988877
0.76687866
0.71553153
0.68368167
0.68337554
0.72729588
0.77853560
0.94174445
0.83961022
0.75016588
0.69950604
0.63723075
0.63136208
0.59758425
0.62876785
0.98878652
0.87233478
0.75015736
0.66378760
0.61539716
0.58762938
0.57761890
0.53383541
0.56536818
0.56028247
0.51576370
0.49401617
0.46059486
0.54682332
0.63498449
0.83098036
0.61283636
0.54570818
0.52603328
0.51302928
0.47042081
0.48403016
0.56819946
0.66967469
0.74050379
0.61544764
0.52284461
0.47250560
0.46623489
0.48461166
0.50534552
0.55742282
0.87622398
0.69685966
0.58591944
0.48600048
0.46707252
0.46739280
0.48993182
0.50858742
0.42916566
0.46035549
0.44794101
0.46640635
0.44858584
0.53286678
0.62225974
0.80798358
0.52600306
0.49228260
0.49803466
0.47622573
0.47211391
0.52208716
0.59043884
0.74350208
0.61030340
0.54809219
0.51227003
0.48045710
0.51194435
0.51451796
0.56382579
0.64862126
0.80460602
0.68723637
0.58713096
0.52708882
0.50628155
0.52999049
0.57571179
0.60713822
0.51440650
0.54510486
0.57038927
0.58772063
0.60091776
0.70530200
0.78338796
0.91458160
0.57804883
0.59346312
0.60834539
0.62673163
0.66493130
0.72749221
0.82412720
0.93055797
0.67589420
0.71794784
0.66344947
0.69055754
0.71175301
0.77848464
0.84862125
0.95007390
0.82549173
0.83393908
0.78618920
0.75472802
0.75029278
0.82508761
0.84705597
0.89242494
