# Original shape: (240, 32, 52)
# Mean: 0.023167, Max: 1.977787, Min: -1.587230
First 100 values:
-0.111131
-0.070959
-0.052473
-0.051161
-0.193481
-0.103731
-0.149920
-0.087686
-0.084773
-0.091946
-0.029908
-0.075791
-0.069934
-0.059654
-0.056557
-0.083243
-0.062584
-0.067616
-0.082180
-0.061810
-0.065616
-0.078262
-0.059156
-0.062000
-0.077041
-0.062516
-0.059093
-0.077051
-0.058809
-0.057460
-0.079797
-0.061244
-0.061825
-0.078051
-0.061770
-0.060215
-0.073925
-0.055904
-0.059106
-0.073782
-0.061053
-0.063276
-0.078543
-0.060902
-0.066992
-0.076909
-0.062071
-0.062172
-0.079121
-0.059474
-0.054861
-0.067313
-0.042029
-0.333056
-0.212906
-0.231909
-0.397474
-0.296453
-0.272197
-0.192346
-0.193102
-0.168902
-0.159715
-0.174445
-0.192139
-0.185447
-0.182232
-0.199535
-0.196831
-0.196404
-0.214456
-0.200264
-0.188028
-0.196436
-0.189063
-0.183666
-0.190233
-0.180129
-0.178339
-0.193420
-0.189870
-0.179145
-0.199322
-0.198032
-0.200111
-0.214930
-0.210604
-0.197664
-0.204522
-0.193970
-0.181340
-0.185563
-0.179923
-0.184127
-0.201463
-0.198632
-0.193662
-0.198833
-0.188911
-0.182672
