# Original shape: (1, 52, 32, 6, 5, 2, 4)
# Mean: -0.288977, Max: 4.055099, Min: -4.568112
First 100 values:
-0.481323
-1.091673
-0.609718
-0.389394
0.666993
-0.083273
-1.045134
-0.608248
-0.616606
0.810873
-0.434065
0.618932
0.837184
0.449597
-0.170628
0.192243
-0.640942
0.469134
-0.651589
0.297608
0.856676
0.023642
-0.859295
-0.759143
-0.826064
-0.396706
-0.798970
-0.500819
0.488291
-0.854782
-2.080466
-1.190197
-0.598925
-1.199195
-0.598220
-0.895898
-0.051332
-1.133473
-1.640546
-0.961476
-0.481323
-1.157683
-0.609718
0.001818
0.177435
-0.481565
-1.070180
-0.806175
-0.616606
-1.149777
-0.434065
-0.377704
0.032453
-0.455228
-0.792307
-1.049072
-0.640942
-1.200770
-0.651589
-0.942753
0.597813
-0.723583
-0.920628
-1.367247
-0.826064
-1.302244
-0.798970
-0.893182
0.584776
-0.345302
-1.219771
-1.941100
-0.598925
-1.330438
-0.598220
-0.419517
-0.157028
-0.069525
-1.453087
-1.247715
-0.481323
-0.684304
-0.609718
0.767465
0.487975
-0.652167
-1.234970
-0.987667
-0.616606
-0.571090
-0.434065
0.439787
-0.358033
-0.125687
-0.831878
-0.960939
-0.640942
-1.357654
-0.651589
0.110025
