# Original shape: (240, 32, 52)
# Mean: 0.083134, Max: 1.832466, Min: -3.595680
First 100 values:
-0.459807
-0.929836
-1.102751
-1.368733
-1.900876
-1.977470
-1.996512
-1.945525
-1.974603
-2.016500
-1.977519
-1.936004
-1.924030
-1.929514
-1.937016
-1.950520
-1.958416
-1.962095
-1.971023
-1.969472
-1.965427
-1.965215
-1.955015
-1.947399
-1.946766
-1.940125
-1.935424
-1.935507
-1.929701
-1.933740
-1.936140
-1.935249
-1.932464
-1.944765
-1.951645
-1.960118
-1.965877
-1.960998
-1.961308
-1.965562
-1.963095
-1.950924
-1.949534
-1.948143
-1.960610
-1.975298
-1.978809
-1.977606
-1.975153
-1.956065
-1.936359
-1.931120
-0.109858
0.237715
0.386441
0.220330
0.359866
0.427140
0.494700
0.392944
0.431971
0.411990
0.387039
0.397676
0.391457
0.403571
0.412552
0.422531
0.405534
0.423727
0.412040
0.400791
0.404298
0.404013
0.394995
0.400311
0.398168
0.398820
0.405061
0.413753
0.391465
0.405046
0.403981
0.405360
0.410246
0.404394
0.395446
0.407099
0.410776
0.397328
0.402201
0.397436
0.397364
0.405797
0.411418
0.414387
0.428328
0.423976
0.411942
0.406520
