# Original shape: (1, 52, 32, 6, 5, 2, 4)
# Mean: 0.002248, Max: 5.936795, Min: -4.441944
First 100 values:
-1.852820
-2.198521
-1.590810
-0.418009
-2.619268
-1.209884
-0.236281
-0.500177
-1.718904
-0.601496
-2.033901
-0.286299
-0.713777
-0.963110
-0.411864
-0.680611
-2.334262
-1.041144
-2.351772
-1.147142
-0.799339
-0.905563
-0.787065
-1.046143
-2.398396
-2.367299
-2.405403
-2.247638
-1.481446
-1.181018
-2.486933
-2.425919
-2.337477
-3.202966
-2.267635
-2.420167
-2.681397
-2.268106
-2.842586
-2.356358
-1.852820
-2.077337
-1.590810
-1.058845
-1.071033
-1.419615
-1.134336
-1.623485
-1.718904
-0.678660
-2.033901
-1.807884
0.295735
-0.678033
-1.027773
-1.578561
-2.334262
-1.062435
-2.351772
-2.637347
-0.364526
-0.775519
-1.809506
-2.470678
-2.398396
-2.500398
-2.405403
-2.685613
-0.570100
-0.801491
-2.694367
-2.905464
-2.337477
-2.035660
-2.267635
-2.124521
-1.008131
-1.423687
-2.618726
-2.642333
-1.852820
-1.350995
-1.590810
-0.911381
-0.997773
-1.016381
-2.580069
-2.262718
-1.718904
-2.183210
-2.033901
-2.864258
-0.998797
-1.605001
-2.813111
-3.171265
-2.334262
-2.150498
-2.351772
-2.449334
