# Original shape: (1, 52, 32, 6, 5, 2, 4)
# Mean: -0.001061, Max: 4.256166, Min: -3.622161
First 100 values:
-0.801152
-0.794581
-1.002649
-0.445207
-0.975580
-1.699779
-0.445810
0.370572
-0.990851
0.489455
-0.624484
-0.115236
0.269984
0.309350
-0.097576
0.534447
-0.600854
0.235069
-0.385509
-0.741046
-0.191813
0.138007
-0.415417
0.513201
-0.381282
-0.249844
-0.403020
-1.023023
-0.631050
-0.955722
-0.732328
-0.279452
-0.394297
-0.558674
-0.665439
-0.737676
-1.179160
-1.654787
-1.122616
-1.119878
-0.801152
-1.495364
-1.002649
-0.092492
-0.304120
-0.158726
-1.012411
-0.452934
-0.990851
0.401039
-0.624484
-0.318002
-0.053422
0.460918
-0.006314
0.166600
-0.600854
0.256735
-0.385509
-0.813404
1.391782
0.379182
-0.253443
-0.621468
-0.381282
-0.158393
-0.403020
-1.647010
0.928704
0.060521
-0.210213
-1.230515
-0.394297
-1.516944
-0.665439
-2.046352
0.350771
-0.490172
-0.538136
-1.598815
-0.801152
-0.759888
-1.002649
0.008175
0.344239
0.556821
0.072291
-0.804584
-0.990851
-0.399064
-0.624484
-1.271013
0.347711
-0.776263
0.442232
-0.480510
-0.600854
-0.049932
-0.385509
-1.047531
