# Original shape: (1, 52, 32, 6, 5, 2, 4)
# Mean: 0.019301, Max: 3.793184, Min: -4.124928
First 100 values:
-0.604089
-0.764404
-0.740897
-0.486831
-0.280100
-0.891781
-0.706361
-1.865046
-0.695637
0.133695
-0.554210
-0.194714
-0.286885
-0.520566
0.261441
-1.979631
-0.341027
0.213834
-0.083608
-0.373768
-0.223048
-0.020288
0.226241
-0.896903
-0.011000
0.397471
-0.034832
-0.180018
-0.459968
0.101018
0.179901
-1.089930
-0.140682
0.176313
-0.422553
-0.284558
-0.183476
-0.277869
-0.274919
-1.455697
-0.604089
0.620373
-0.740897
-0.191781
-0.710113
-1.171966
-0.667953
-0.138933
-0.695637
-0.700541
-0.554210
-0.442042
-0.585152
-1.593291
-0.144559
-0.244748
-0.341027
0.107847
-0.083608
0.189472
-0.405227
-0.307936
0.329090
-0.175040
-0.011000
0.441700
-0.034832
0.087964
0.049011
0.028165
0.315454
-0.216292
-0.140682
0.546050
-0.422553
0.119595
-0.746441
-0.074279
0.089122
0.266416
-0.604089
-0.669879
-0.740897
-0.305922
-0.308292
-1.089671
0.190497
-1.887519
-0.695637
-0.859793
-0.554210
-0.132732
-0.757925
-0.886980
0.420109
-0.819113
-0.341027
0.093013
-0.083608
-0.228194
