# Original shape: (1, 52, 32, 6, 5, 2, 4)
# Mean: 4.235412, Max: 16.990423, Min: -4.827839
First 100 values:
6.099579
4.973588
6.943474
8.126549
8.869603
8.370424
5.990514
6.138988
6.699283
5.312349
5.713228
7.260686
9.713488
7.777879
3.719461
3.321452
4.783179
2.719200
3.985967
5.829404
8.912936
5.925558
2.097941
2.201934
3.660149
1.987601
3.827405
5.913429
8.475902
5.277099
1.666950
3.131823
4.118686
2.560695
5.310907
7.485488
7.680766
6.616285
3.433515
5.663764
6.099579
5.385529
6.943474
9.255565
9.700151
8.022027
6.577524
6.191507
6.699283
4.123151
5.713228
7.167300
9.225945
7.043678
3.580770
3.475159
4.783179
1.795075
3.985967
6.276705
8.550665
5.250556
2.428580
2.502225
3.660149
1.481999
3.827405
6.604858
7.868703
5.003844
2.602499
3.241597
4.118686
2.840536
5.310907
8.945547
8.500797
6.368358
5.406088
6.153104
6.099579
6.250133
6.943474
9.731317
8.684889
6.388331
5.881578
7.075244
6.699283
4.417779
5.713228
8.731152
8.671852
5.037684
2.947767
4.981258
4.783179
1.882536
3.985967
8.039774
