# Original shape: (1, 52, 32, 6, 5, 4, 8)
# Mean: -0.212758, Max: 3.367719, Min: -3.612531
First 100 values:
-0.485363
-0.713655
-0.602824
-0.545794
-0.532268
-0.598610
-0.561431
-0.596517
-0.669464
-0.670993
-0.615168
-0.563661
-0.542043
-0.494212
-0.326559
-0.204028
-0.738095
-0.679413
-0.558291
-0.535802
-0.454064
-0.371128
-0.168679
-0.033040
-0.530856
-0.573699
-0.494085
-0.463245
-0.434315
-0.258012
-0.117459
-0.112452
-0.510318
-0.202462
-0.103633
-0.104283
-0.468145
-0.102124
-0.118084
-0.206035
-0.443980
-0.234242
-0.072910
-0.037989
-0.230971
-0.100107
0.030833
0.178042
-0.380746
-0.227922
-0.066309
-0.102667
-0.182242
-0.143698
0.110782
0.231009
-0.205595
-0.146719
-0.071653
-0.238192
-0.300171
-0.206390
-0.088945
0.003150
-0.439950
-0.269860
-0.208440
-0.092519
-0.422103
-0.277635
-0.196885
-0.152577
-0.572351
-0.423367
-0.202741
-0.152882
-0.343194
-0.297758
-0.138944
0.009695
-0.645805
-0.529671
-0.279700
-0.244994
-0.367827
-0.318792
-0.108033
0.032536
-0.595902
-0.526959
-0.348352
-0.337860
-0.469171
-0.329101
-0.276207
-0.123878
-0.423022
-0.430453
-0.362021
-0.319160
