# Original shape: (1, 52, 32, 6, 5, 2, 4)
# Mean: -0.003077, Max: 3.552971, Min: -6.235841
First 100 values:
-2.037014
-1.663595
-2.240898
-1.441677
-1.112043
-1.239288
-2.547092
-1.783637
-2.210656
-1.780931
-1.933611
-2.273828
-0.351641
-1.354328
-1.918392
-1.863755
-1.788907
-1.496750
-1.561661
-2.837032
-0.345408
-1.249520
-1.338146
-1.694211
-1.506226
-1.392455
-1.524253
-2.518981
-0.678845
-1.039535
-1.154462
-1.783876
-1.591226
-1.251844
-1.911890
-1.396372
-0.706488
-1.120261
-1.223279
-2.158659
-2.037014
-1.564692
-2.240898
-1.658738
-0.309285
-1.162748
-2.011879
-2.907347
-2.210656
-2.071905
-1.933611
-2.033131
-0.772086
-1.832502
-1.752880
-1.832525
-1.788907
-1.403170
-1.561661
-2.100767
-1.124414
-1.216570
-1.381240
-1.519149
-1.506226
-1.417840
-1.524253
-1.654710
-0.965173
-1.161488
-1.301925
-1.781474
-1.591226
-1.488753
-1.911890
-1.311003
-0.560682
-1.114472
-1.178151
-2.020279
-2.037014
-1.554149
-2.240898
-0.523724
-0.781456
-1.841214
-1.918324
-1.994412
-2.210656
-1.595832
-1.933611
-0.838933
-1.390798
-2.190326
-1.540289
-1.446165
-1.788907
-0.984185
-1.561661
-0.581547
