# Original shape: (240, 1, 52)
# Mean: 4.387925, Max: 18.285046, Min: -10.513783
First 100 values:
1.238324
3.730264
5.086509
6.938030
12.138740
10.313651
9.599990
9.919411
9.830408
10.087898
9.983034
9.162342
8.818966
8.821992
8.550589
8.422882
8.342841
8.219337
8.334379
8.366104
8.193121
8.266875
8.269379
8.217874
8.348558
8.244297
8.143147
8.164913
8.263362
8.196398
8.209121
8.073735
8.116590
8.302889
8.217203
8.116324
8.164378
8.205431
8.134521
8.325153
8.261589
8.088689
7.991577
7.791831
7.671866
7.876439
8.168093
8.298901
8.478197
8.527730
8.485315
8.829441
-0.554493
4.040390
6.338771
7.518135
11.493547
11.224853
9.869535
10.330265
10.455334
10.805138
10.351858
9.839353
9.465805
9.884414
9.881206
9.398616
9.359831
9.392015
9.238379
9.417915
9.482708
9.383444
9.661015
9.946731
9.841908
9.992784
10.065078
9.846689
10.210402
10.339534
9.914086
9.788773
9.919775
9.831246
9.661077
9.448080
9.136489
9.258696
9.332253
9.154153
9.310089
9.372931
9.180574
9.345599
9.532488
9.508854
9.976461
10.221349
