# Original shape: (960, 32, 52)
# Mean: 0.149835, Max: 0.532131, Min: -0.324634
First 100 values:
0.106368
0.103644
0.156104
0.235980
0.322607
0.323524
0.320821
0.320305
0.322277
0.320271
0.324119
0.327713
0.325545
0.325703
0.326981
0.323542
0.324673
0.323867
0.322466
0.324320
0.325352
0.321463
0.322624
0.324072
0.322158
0.324152
0.325003
0.321611
0.323511
0.325152
0.322934
0.324104
0.324705
0.322130
0.322082
0.321816
0.318478
0.322063
0.323679
0.321989
0.324880
0.326229
0.323163
0.322464
0.322871
0.321020
0.323843
0.323645
0.320071
0.323069
0.324025
0.320862
-0.114080
-0.021312
0.100178
0.076437
0.075913
0.072124
0.083195
0.072050
0.073028
0.086553
0.077903
0.076191
0.085162
0.078364
0.075740
0.084186
0.074313
0.075732
0.086909
0.073638
0.074027
0.083624
0.073773
0.076519
0.085162
0.074581
0.074748
0.084548
0.075977
0.074870
0.084589
0.076145
0.076316
0.082818
0.071655
0.073291
0.084786
0.072875
0.075120
0.087555
0.075621
0.076558
0.081823
0.073070
0.077946
0.083288
0.072790
0.074220
