# Original shape: (1, 52, 32, 6, 5, 2, 4)
# Mean: -0.209878, Max: 4.926610, Min: -4.628055
First 100 values:
-0.059404
1.330881
-0.106881
-0.003587
1.576305
-0.244050
-0.699390
-1.484513
-0.124890
-2.274943
-0.037992
-0.991842
-1.111555
-2.706332
-2.135743
-1.105315
-0.053785
-1.927053
0.031617
0.243627
-1.646438
-2.167940
-1.124939
0.370460
0.007353
-0.052748
0.015761
1.911914
-0.064752
-0.484894
0.966047
1.561595
0.035151
2.112867
-0.094394
2.136531
1.988065
1.188360
1.943128
1.317542
-0.059404
0.780483
-0.106881
-0.198638
0.582202
-0.175061
-0.575721
-0.058013
-0.124890
-0.213999
-0.037992
1.143874
-0.926742
-1.632416
-0.703337
0.926140
-0.053785
0.436713
0.031617
2.318590
-2.625079
-1.660023
0.121944
1.720702
0.007353
0.544996
0.015761
2.200058
-2.209188
-1.214307
0.407386
1.810002
0.035151
0.533969
-0.094394
0.689753
-0.633579
-0.350945
0.727366
1.102309
-0.059404
-1.068753
-0.106881
-0.450841
-0.899883
-0.158249
0.325014
1.383548
-0.124890
1.244377
-0.037992
1.992171
0.075678
0.733468
1.845886
2.637846
-0.053785
1.346297
0.031617
1.682791
