# Original shape: (1, 52, 32, 6, 5, 2, 4)
# Mean: -0.602571, Max: 2.896379, Min: -4.163346
First 100 values:
-1.881968
-1.524655
-1.848089
-1.868239
-2.394777
-1.861961
-1.580614
-1.960792
-1.879335
-2.207402
-1.908761
-1.927001
-2.825881
-1.983665
-1.802089
-2.101992
-1.979229
-2.267296
-2.001078
-1.813802
-2.230142
-2.211288
-2.175561
-2.236394
-2.022099
-2.360055
-2.027781
-1.668781
-1.673602
-2.063957
-2.197555
-2.025338
-1.991255
-1.815578
-1.957587
-1.628850
-1.785043
-1.748932
-1.826595
-2.023391
-1.881968
-1.461571
-1.848089
-1.612387
-1.984089
-1.537534
-1.656377
-1.251370
-1.879335
-1.584590
-1.908761
-2.013005
-2.548537
-1.273262
-2.375885
-1.458575
-1.979229
-2.173839
-2.001078
-1.598402
-2.477804
-1.441230
-2.312156
-1.791916
-2.022099
-1.933783
-2.027781
-1.502266
-2.337303
-1.669111
-2.174248
-1.957587
-1.991255
-1.824136
-1.957587
-1.622803
-2.141709
-2.179192
-1.853616
-1.417083
-1.881968
-2.323587
-1.848089
-2.739063
-1.652306
-1.785320
-2.040051
-1.729270
-1.879335
-2.251792
-1.908761
-2.169317
-2.453519
-1.897527
-2.244705
-2.196460
-1.979229
-2.369632
-2.001078
-1.777368
