# Original shape: (240, 32, 52)
# Mean: -0.044688, Max: 0.811956, Min: -1.068264
First 100 values:
-0.098949
-0.010292
-0.128308
-0.141105
-0.159399
-0.160861
-0.059647
-0.133317
-0.085585
-0.093853
-0.091142
-0.093498
-0.087495
-0.072986
-0.065403
-0.060635
-0.058215
-0.054584
-0.053074
-0.053342
-0.057417
-0.063045
-0.065323
-0.065442
-0.065976
-0.064835
-0.065720
-0.062531
-0.059424
-0.055523
-0.054834
-0.055794
-0.053766
-0.052615
-0.052327
-0.058187
-0.060051
-0.061204
-0.062228
-0.062587
-0.063656
-0.068003
-0.070650
-0.067742
-0.065692
-0.059534
-0.054000
-0.055746
-0.057956
-0.063772
-0.064748
-0.065012
0.025841
-0.194996
-0.159313
-0.093268
-0.091048
-0.154719
-0.207283
-0.155876
-0.201454
-0.189804
-0.192925
-0.194926
-0.212338
-0.197500
-0.199110
-0.197857
-0.189333
-0.191843
-0.191912
-0.186163
-0.185619
-0.191222
-0.188219
-0.192043
-0.193098
-0.187316
-0.193597
-0.197201
-0.192556
-0.191040
-0.194588
-0.192043
-0.194904
-0.196140
-0.187893
-0.189336
-0.191302
-0.186324
-0.184953
-0.185423
-0.180136
-0.185621
-0.190307
-0.183810
-0.184314
-0.185515
-0.177345
-0.181787
