# Original shape: (1, 52, 32, 6, 5, 4, 8)
# Mean: -0.010730, Max: 3.143787, Min: -3.647354
First 100 values:
0.752231
0.781821
0.791642
0.763273
0.706472
0.781756
0.720134
0.480771
0.792761
0.711773
0.726000
0.695101
0.721576
0.783027
0.795407
0.739561
0.766961
0.661446
0.595445
0.650039
0.681121
0.764632
0.754455
0.777946
0.874877
0.655287
0.543926
0.552196
0.657926
0.717178
0.697860
0.778975
0.719409
0.646839
0.684696
0.731510
0.788696
1.097366
1.084867
0.910925
0.360598
0.395765
0.564411
0.664247
0.845098
1.064970
1.158230
1.134660
0.445110
0.263970
0.351577
0.589386
0.772843
0.937411
1.073184
1.112897
0.631314
0.282667
0.269741
0.523535
0.778338
0.937630
0.909367
1.041782
0.875072
0.838463
0.900084
0.926080
0.939934
1.275226
1.394751
1.255203
0.152037
0.529628
0.862661
0.804091
0.927454
1.274310
1.363106
1.318340
-0.093896
0.120662
0.401496
0.800821
0.994583
1.109667
1.169981
1.306672
0.060157
-0.070991
0.097155
0.437690
0.918968
1.093174
1.105154
1.146538
0.976251
0.895707
1.040145
1.124366
