# Original shape: (240, 32, 52)
# Mean: 0.107461, Max: 3.211474, Min: -2.474252
First 100 values:
-0.238023
-0.283651
-0.013720
0.054444
0.316808
0.160584
0.109617
0.088109
0.057708
0.059489
0.024786
0.052537
0.041861
0.042329
0.040433
0.032611
0.043244
0.048661
0.039813
0.050714
0.049441
0.039067
0.046667
0.049785
0.041088
0.045036
0.048737
0.041007
0.042848
0.046777
0.036313
0.043650
0.047494
0.034090
0.043633
0.044242
0.037727
0.038074
0.044367
0.036322
0.048133
0.053888
0.043224
0.045843
0.045403
0.036624
0.042921
0.049349
0.039661
0.045038
0.051641
0.039814
0.069341
0.153460
0.077950
0.070988
0.151540
0.180611
0.172100
0.190494
0.188314
0.231680
0.212446
0.214177
0.215659
0.209975
0.203929
0.207261
0.212089
0.209009
0.205180
0.206664
0.204191
0.206443
0.204822
0.204548
0.206789
0.210282
0.209366
0.208497
0.210121
0.207628
0.208654
0.212002
0.203723
0.203611
0.203562
0.205520
0.204725
0.204953
0.205174
0.207809
0.211920
0.208881
0.208774
0.203729
0.202350
0.202129
0.205821
0.205185
