# Original shape: (1, 52, 32, 6, 5, 2, 4)
# Mean: 0.293123, Max: 4.039528, Min: 0.000000
First 100 values:
0.000000
0.091443
0.000000
0.146745
0.234818
0.000000
0.025304
0.149043
0.000000
0.000000
0.000000
0.600681
0.000000
0.000000
0.079954
0.401108
0.000000
0.014964
0.000000
0.976295
0.000000
0.000000
0.167136
0.741620
0.000000
0.120462
0.000000
1.084205
0.000000
0.000000
0.121283
0.836539
0.000000
0.162048
0.000000
0.561274
0.000000
0.000000
0.244675
0.639405
0.000000
0.000000
0.000000
0.121689
0.000000
0.000000
0.120224
0.518919
0.000000
0.566854
0.000000
0.804387
0.072406
0.279245
0.591484
0.941618
0.000000
0.509039
0.000000
0.766732
0.000000
0.083287
0.271481
0.704979
0.000000
0.167125
0.000000
0.079816
0.000000
0.000000
0.000000
0.100508
0.000000
0.000000
0.000000
0.000000
0.000000
0.000000
0.000000
0.030684
0.000000
0.000000
0.000000
0.048940
0.000000
0.004755
0.023926
0.243678
0.000000
0.506061
0.000000
0.198672
0.301270
0.631419
0.734148
0.445287
0.000000
0.521781
0.000000
0.000000
