# Original shape: (1, 52, 32, 6, 5, 4, 8)
# Mean: -0.036627, Max: 2.366589, Min: -2.516935
First 100 values:
1.489290
1.484634
1.575296
1.619848
1.664473
1.673464
1.750367
1.770603
1.512405
1.578704
1.615496
1.634293
1.652883
1.669232
1.703567
1.737253
1.592503
1.680112
1.667471
1.674703
1.644614
1.647684
1.630026
1.630253
1.647509
1.730407
1.745382
1.680411
1.649219
1.594842
1.564666
1.523898
1.613707
1.558659
1.506740
1.413202
1.369363
1.400287
1.524669
1.655435
1.687045
1.560268
1.439759
1.356156
1.263445
1.238992
1.306004
1.392144
1.764020
1.610538
1.427238
1.293499
1.206312
1.158039
1.132507
1.185502
1.746692
1.639507
1.440001
1.260217
1.155180
1.096867
1.065153
1.032009
1.123748
1.051405
1.028627
0.985695
0.974177
0.991192
1.151709
1.408283
1.209531
1.067858
1.002112
0.954012
0.895255
0.908244
1.010219
1.153767
1.410040
1.192182
1.010140
0.930221
0.897091
0.876427
0.892101
0.991757
1.610475
1.353724
1.130363
0.948696
0.871446
0.836892
0.881226
0.889275
0.901942
0.860421
0.841082
0.874337
