# Original shape: (1, 52, 32, 6, 5, 4, 8)
# Mean: 0.000778, Max: 4.770642, Min: -4.570188
First 100 values:
-0.116728
0.043845
-0.136235
-0.075230
-0.194485
0.500755
0.145786
-0.742640
-0.221583
-0.194686
-0.338950
-0.233397
-0.064267
0.416699
0.300704
-0.226977
0.141317
-0.364000
-0.479667
-0.392719
-0.078756
0.177128
0.148772
-0.035030
0.545125
-0.102615
-0.566744
-0.399530
-0.210598
-0.148496
-0.146054
-0.133315
-0.190568
-0.492707
-0.409346
-0.160176
-0.060140
0.818221
0.675472
0.393130
-0.898911
-0.929888
-0.611761
-0.392432
0.273120
0.652039
0.597421
0.419617
-1.056148
-1.100356
-0.892252
-0.583550
-0.246763
0.286556
0.509473
0.414358
-0.804905
-0.998049
-0.953855
-0.676059
-0.394830
-0.138133
0.104751
0.243160
0.032447
-0.591526
-0.342320
-0.084846
0.045241
1.042563
1.031261
0.827362
-0.993759
-0.937781
-0.571894
-0.352924
0.326332
0.984166
1.024932
0.783861
-1.245486
-1.158510
-0.922571
-0.590711
-0.116647
0.637903
0.835249
0.774624
-1.355210
-1.297906
-1.249797
-0.801982
-0.178350
0.205720
0.377982
0.556484
0.058929
-0.364926
0.008545
0.221572
