# Original shape: (1, 52, 32, 6, 5, 2, 4)
# Mean: -0.079952, Max: 3.767697, Min: -4.433639
First 100 values:
1.659784
1.635165
1.407545
0.231386
-0.752208
0.830624
0.756731
2.770775
1.365437
1.633896
1.758547
0.749096
-0.417456
1.550995
1.960953
2.547844
1.740404
2.295784
2.085901
1.108296
0.230019
1.209025
2.135698
2.550405
2.076158
2.501448
2.061460
1.329737
-0.122196
1.923565
2.063380
2.317862
2.076054
2.320265
1.614484
0.294655
-0.015289
1.356044
1.220161
1.948616
1.659784
1.444507
1.407545
0.919289
0.749533
2.449839
1.814338
2.998800
1.365437
2.317575
1.758547
1.869407
0.766937
2.705075
2.047290
2.786779
1.740404
2.159976
2.085901
1.681981
1.039277
2.627515
2.559226
2.618496
2.076158
2.466506
2.061460
1.171292
1.763872
2.866822
2.672211
2.072750
2.076054
2.011046
1.614484
0.072991
1.626837
2.226025
1.806757
1.100812
1.659784
1.520576
1.407545
-0.533117
0.531988
1.944092
0.809523
1.312319
1.365437
1.889901
1.758547
-0.778517
1.022063
1.947075
1.772911
2.027135
1.740404
1.823521
2.085901
-0.010851
